Symbol  ,Date  ,Expiry  ,Option type  ,Strike Price  ,Open  ,High  ,Low  ,Close  ,LTP  ,Settle Price  ,No. of contracts  ,Turnover * in  ₹ Lakhs,Premium Turnover ** in   ₹ Lakhs,Open Int  ,Change in OI  ,Underlying Value  
RELIANCE,01-Mar-2024,28-Mar-2024,PE,2200.00,1.05,1.25,1.00,1.25,1.25,1.25,21.00,115.56,0.06,5250.00,2250.00,2984.25
RELIANCE,01-Mar-2024,28-Mar-2024,PE,2220.00,-,-,-,9.00,-,0.05,-,-,-,-,-,2984.25
RELIANCE,01-Mar-2024,28-Mar-2024,PE,2240.00,-,-,-,10.65,-,0.05,-,-,-,-,-,2984.25
RELIANCE,01-Mar-2024,28-Mar-2024,PE,2260.00,-,-,-,12.55,-,0.05,-,-,-,-,-,2984.25
RELIANCE,01-Mar-2024,28-Mar-2024,PE,2280.00,-,-,-,14.70,-,0.05,-,-,-,-,-,2984.25
RELIANCE,01-Mar-2024,28-Mar-2024,PE,2300.00,1.10,1.20,0.85,1.20,1.20,1.20,10.00,57.52,0.02,7500.00,-,2984.25
RELIANCE,01-Mar-2024,28-Mar-2024,PE,2320.00,-,-,-,0.50,0.50,0.05,-,-,-,250.00,-,2984.25
RELIANCE,01-Mar-2024,28-Mar-2024,PE,2340.00,-,-,-,22.95,-,0.05,-,-,-,-,-,2984.25
RELIANCE,01-Mar-2024,28-Mar-2024,PE,2360.00,-,-,-,26.35,-,0.05,-,-,-,-,-,2984.25
RELIANCE,01-Mar-2024,28-Mar-2024,PE,2380.00,-,-,-,30.10,-,0.05,-,-,-,-,-,2984.25
RELIANCE,01-Mar-2024,28-Mar-2024,PE,2400.00,1.80,2.00,1.20,1.45,1.50,1.45,83.00,498.31,0.31,31000.00,5500.00,2984.25
RELIANCE,01-Mar-2024,28-Mar-2024,PE,2420.00,-,-,-,38.75,-,0.05,-,-,-,-,-,2984.25
RELIANCE,01-Mar-2024,28-Mar-2024,PE,2440.00,-,-,-,0.20,0.20,0.05,-,-,-,250.00,-,2984.25
RELIANCE,01-Mar-2024,28-Mar-2024,PE,2460.00,-,-,-,49.20,-,0.05,-,-,-,-,-,2984.25
RELIANCE,01-Mar-2024,28-Mar-2024,PE,2480.00,-,-,-,54.90,-,0.05,-,-,-,-,-,2984.25
RELIANCE,01-Mar-2024,28-Mar-2024,PE,2500.00,3.05,3.40,1.60,2.00,2.05,2.00,927.00,5798.15,4.40,237250.00,2250.00,2984.25
RELIANCE,01-Mar-2024,28-Mar-2024,PE,2520.00,-,-,-,68.00,-,0.05,-,-,-,-,-,2984.25
RELIANCE,01-Mar-2024,28-Mar-2024,PE,2540.00,2.00,2.65,2.00,2.25,2.15,2.25,20.00,127.11,0.11,3750.00,2750.00,2984.25
RELIANCE,01-Mar-2024,28-Mar-2024,PE,2560.00,-,-,-,83.00,-,0.05,-,-,-,-,-,2984.25
RELIANCE,01-Mar-2024,28-Mar-2024,PE,2580.00,-,-,-,4.00,4.00,0.10,-,-,-,250.00,-,2984.25
RELIANCE,01-Mar-2024,28-Mar-2024,PE,2600.00,6.05,6.35,2.30,2.80,2.90,2.80,1617.00,10525.05,14.55,286750.00,75000.00,2984.25
RELIANCE,01-Mar-2024,28-Mar-2024,PE,2620.00,3.20,4.30,2.55,3.20,3.20,0.25,29.00,190.16,0.21,3500.00,3250.00,2984.25
RELIANCE,01-Mar-2024,28-Mar-2024,PE,2640.00,6.60,6.60,2.80,3.25,3.65,3.25,168.00,1110.62,1.82,24000.00,10250.00,2984.25
RELIANCE,01-Mar-2024,28-Mar-2024,PE,2660.00,5.30,8.95,3.10,3.55,3.70,3.55,614.00,4091.08,7.98,64250.00,63250.00,2984.25
RELIANCE,01-Mar-2024,28-Mar-2024,PE,2680.00,9.85,10.00,3.60,4.25,4.30,4.25,475.00,3189.73,7.23,28500.00,3000.00,2984.25
RELIANCE,01-Mar-2024,28-Mar-2024,PE,2700.00,10.25,11.90,4.05,4.85,5.00,4.85,4101.00,27748.77,67.02,504500.00,-29500.00,2984.25
RELIANCE,01-Mar-2024,28-Mar-2024,PE,2720.00,13.20,13.20,4.80,5.65,5.70,5.65,596.00,4064.41,11.61,42000.00,10750.00,2984.25
RELIANCE,01-Mar-2024,28-Mar-2024,PE,2740.00,14.40,15.40,5.55,6.65,6.65,6.65,870.00,5978.52,19.02,95000.00,32750.00,2984.25
RELIANCE,01-Mar-2024,28-Mar-2024,PE,2760.00,17.85,17.90,6.50,7.70,7.85,7.70,1172.00,8117.84,31.04,68500.00,-25750.00,2984.25
RELIANCE,01-Mar-2024,28-Mar-2024,PE,2780.00,20.65,21.00,7.70,9.15,9.40,9.15,1411.00,9848.48,42.03,83750.00,-34750.00,2984.25
RELIANCE,01-Mar-2024,28-Mar-2024,PE,2800.00,23.15,24.90,9.30,11.05,11.55,11.05,7158.00,50370.03,264.03,1049000.00,32000.00,2984.25
RELIANCE,01-Mar-2024,28-Mar-2024,PE,2820.00,28.50,29.15,11.15,13.35,13.80,13.35,1595.00,11315.51,70.76,187500.00,98750.00,2984.25
RELIANCE,01-Mar-2024,28-Mar-2024,PE,2840.00,33.50,34.85,13.60,16.05,16.25,16.05,2305.00,16490.68,125.18,268250.00,67750.00,2984.25
RELIANCE,01-Mar-2024,28-Mar-2024,PE,2860.00,40.90,41.05,16.85,20.10,20.80,20.10,3182.00,22966.97,215.67,347750.00,97500.00,2984.25
RELIANCE,01-Mar-2024,28-Mar-2024,PE,2880.00,47.50,48.25,21.00,24.65,25.15,24.65,2019.00,14707.72,170.92,177000.00,52500.00,2984.25
RELIANCE,01-Mar-2024,28-Mar-2024,PE,2900.00,51.85,56.65,25.35,29.80,30.70,29.80,12271.00,90112.64,1147.89,1028250.00,-43750.00,2984.25
RELIANCE,01-Mar-2024,28-Mar-2024,PE,2920.00,62.95,65.80,30.80,36.25,36.50,36.25,4406.00,32677.49,513.69,173500.00,35000.00,2984.25
RELIANCE,01-Mar-2024,28-Mar-2024,PE,2940.00,74.00,75.25,37.40,43.45,44.00,43.45,5278.00,39508.90,715.60,248750.00,66500.00,2984.25
RELIANCE,01-Mar-2024,28-Mar-2024,PE,2960.00,84.55,85.60,44.60,51.10,52.95,51.10,5250.00,39649.64,799.64,290250.00,79500.00,2984.25
RELIANCE,01-Mar-2024,28-Mar-2024,PE,2980.00,93.60,96.75,52.80,60.15,62.00,60.15,4422.00,33681.31,737.41,216000.00,90500.00,2984.25
RELIANCE,01-Mar-2024,28-Mar-2024,PE,3000.00,103.20,109.70,61.75,69.70,71.50,69.70,6111.00,47006.00,1173.51,674000.00,174000.00,2984.25
RELIANCE,01-Mar-2024,28-Mar-2024,PE,3020.00,117.10,121.20,71.90,79.95,82.00,79.95,691.00,5359.53,142.48,39250.00,-8500.00,2984.25
RELIANCE,01-Mar-2024,28-Mar-2024,PE,3040.00,132.05,135.55,83.00,92.45,94.65,92.45,390.00,3063.16,99.16,83500.00,-9250.00,2984.25
RELIANCE,01-Mar-2024,28-Mar-2024,PE,3060.00,145.85,146.50,94.80,103.65,107.20,103.65,368.00,2922.58,107.38,31000.00,500.00,2984.25
RELIANCE,01-Mar-2024,28-Mar-2024,PE,3080.00,161.10,162.60,107.20,118.25,120.65,118.25,136.00,1093.92,46.72,34000.00,14500.00,2984.25
RELIANCE,01-Mar-2024,28-Mar-2024,PE,3100.00,177.00,177.00,121.65,133.10,135.00,133.10,290.00,2351.80,104.30,81250.00,-8750.00,2984.25
RELIANCE,01-Mar-2024,28-Mar-2024,PE,3120.00,192.00,192.00,139.75,149.15,148.35,149.15,51.00,420.28,22.48,39000.00,3250.00,2984.25
RELIANCE,01-Mar-2024,28-Mar-2024,PE,3140.00,190.65,191.80,151.60,151.60,151.60,156.70,28.00,232.57,12.77,5250.00,5250.00,2984.25
RELIANCE,01-Mar-2024,28-Mar-2024,PE,3160.00,195.70,195.70,169.90,175.50,181.20,175.50,83.00,692.58,36.88,14000.00,14000.00,2984.25
RELIANCE,01-Mar-2024,28-Mar-2024,PE,3180.00,-,-,-,527.45,-,190.40,-,-,-,-,-,2984.25
RELIANCE,01-Mar-2024,28-Mar-2024,PE,3200.00,265.45,265.45,203.80,208.35,210.00,208.35,143.00,1226.35,82.35,134000.00,6500.00,2984.25
RELIANCE,01-Mar-2024,28-Mar-2024,PE,3220.00,227.95,234.80,224.55,232.40,234.80,232.40,30.00,258.90,17.40,8250.00,7250.00,2984.25
RELIANCE,01-Mar-2024,28-Mar-2024,PE,3240.00,-,-,-,259.00,259.90,244.45,-,-,-,46250.00,-,2984.25
RELIANCE,01-Mar-2024,28-Mar-2024,PE,3280.00,-,-,-,621.10,-,282.15,-,-,-,-,-,2984.25
RELIANCE,01-Mar-2024,28-Mar-2024,PE,3320.00,-,-,-,659.15,-,320.65,-,-,-,-,-,2984.25
RELIANCE,01-Mar-2024,28-Mar-2024,PE,3360.00,-,-,-,697.45,-,359.70,-,-,-,-,-,2984.25
RELIANCE,01-Mar-2024,28-Mar-2024,PE,3400.00,-,-,-,442.00,442.00,399.10,-,-,-,2000.00,-,2984.25
RELIANCE,02-Mar-2024,28-Mar-2024,PE,2200.00,1.00,1.00,1.00,1.00,1.00,0.05,1.00,5.50,-,5500.00,250.00,2982.15
RELIANCE,02-Mar-2024,28-Mar-2024,PE,2300.00,1.20,1.20,1.20,1.20,1.20,0.05,1.00,5.75,-,7500.00,-,2982.15
RELIANCE,02-Mar-2024,28-Mar-2024,PE,2320.00,-,-,-,0.50,0.50,0.05,-,-,-,250.00,-,2982.15
RELIANCE,02-Mar-2024,28-Mar-2024,PE,2400.00,1.30,1.80,1.25,1.55,1.75,1.55,19.00,114.07,0.07,31250.00,250.00,2982.15
RELIANCE,02-Mar-2024,28-Mar-2024,PE,2440.00,-,-,-,0.20,0.20,0.05,-,-,-,250.00,-,2982.15
RELIANCE,02-Mar-2024,28-Mar-2024,PE,2500.00,2.55,2.65,1.95,2.40,2.05,2.40,99.00,619.32,0.57,247250.00,10000.00,2982.15
RELIANCE,02-Mar-2024,28-Mar-2024,PE,2540.00,2.85,2.85,2.10,2.60,2.10,2.60,4.00,25.43,0.03,4000.00,250.00,2982.15
RELIANCE,02-Mar-2024,28-Mar-2024,PE,2580.00,-,-,-,4.00,4.00,0.05,-,-,-,250.00,-,2982.15
RELIANCE,02-Mar-2024,28-Mar-2024,PE,2600.00,3.05,3.70,2.75,3.30,3.65,3.30,110.00,715.87,0.87,293250.00,6500.00,2982.15
RELIANCE,02-Mar-2024,28-Mar-2024,PE,2620.00,3.15,3.25,3.05,3.25,3.25,3.25,4.00,26.23,0.03,3750.00,250.00,2982.15
RELIANCE,02-Mar-2024,28-Mar-2024,PE,2640.00,3.60,4.20,2.90,3.95,4.00,3.95,8.00,52.88,0.08,24000.00,-,2982.15
RELIANCE,02-Mar-2024,28-Mar-2024,PE,2660.00,4.30,4.30,2.70,3.95,3.20,3.95,24.00,159.83,0.23,64500.00,250.00,2982.15
RELIANCE,02-Mar-2024,28-Mar-2024,PE,2680.00,5.00,5.10,3.80,4.95,4.95,4.95,35.00,234.92,0.42,28750.00,250.00,2982.15
RELIANCE,02-Mar-2024,28-Mar-2024,PE,2700.00,5.00,5.80,4.60,5.65,5.75,5.65,632.00,4274.30,8.30,514250.00,9750.00,2982.15
RELIANCE,02-Mar-2024,28-Mar-2024,PE,2720.00,5.65,6.55,5.10,6.50,6.40,6.50,18.00,122.67,0.27,42250.00,250.00,2982.15
RELIANCE,02-Mar-2024,28-Mar-2024,PE,2740.00,8.00,8.00,6.15,7.45,7.25,7.45,252.00,1730.54,4.34,60750.00,-34250.00,2982.15
RELIANCE,02-Mar-2024,28-Mar-2024,PE,2760.00,7.85,8.85,7.30,8.70,8.80,8.70,81.00,560.55,1.65,70500.00,2000.00,2982.15
RELIANCE,02-Mar-2024,28-Mar-2024,PE,2780.00,10.90,10.90,8.50,10.25,10.40,10.25,132.00,920.67,3.27,88250.00,4500.00,2982.15
RELIANCE,02-Mar-2024,28-Mar-2024,PE,2800.00,11.60,13.00,10.00,12.00,12.50,12.00,1994.00,14015.27,57.27,1085500.00,36500.00,2982.15
RELIANCE,02-Mar-2024,28-Mar-2024,PE,2820.00,10.05,15.30,10.05,14.40,14.10,14.40,282.00,1997.59,9.49,195500.00,8000.00,2982.15
RELIANCE,02-Mar-2024,28-Mar-2024,PE,2840.00,16.55,18.80,14.75,16.90,15.10,16.90,227.00,1620.92,9.22,271250.00,3000.00,2982.15
RELIANCE,02-Mar-2024,28-Mar-2024,PE,2860.00,18.05,22.75,17.95,20.30,20.80,20.30,447.00,3218.12,22.07,365250.00,17500.00,2982.15
RELIANCE,02-Mar-2024,28-Mar-2024,PE,2880.00,26.60,27.65,22.50,24.55,25.60,24.55,205.00,1488.51,12.51,181500.00,4500.00,2982.15
RELIANCE,02-Mar-2024,28-Mar-2024,PE,2900.00,29.75,34.80,27.00,29.70,30.50,29.70,1934.00,14162.27,140.77,1095750.00,67500.00,2982.15
RELIANCE,02-Mar-2024,28-Mar-2024,PE,2920.00,36.50,39.70,32.80,35.75,37.50,35.75,561.00,4144.46,49.16,180500.00,7000.00,2982.15
RELIANCE,02-Mar-2024,28-Mar-2024,PE,2940.00,45.65,46.90,38.00,42.40,42.75,42.40,712.00,5308.01,74.81,263000.00,14250.00,2982.15
RELIANCE,02-Mar-2024,28-Mar-2024,PE,2960.00,48.95,55.00,46.35,50.20,48.55,50.20,529.00,3980.70,66.10,296750.00,6500.00,2982.15
RELIANCE,02-Mar-2024,28-Mar-2024,PE,2980.00,61.95,64.95,55.25,59.10,58.70,59.10,963.00,7316.18,141.83,229750.00,13750.00,2982.15
RELIANCE,02-Mar-2024,28-Mar-2024,PE,3000.00,70.05,74.45,60.10,68.80,69.00,68.80,2427.00,18612.70,410.20,876000.00,202000.00,2982.15
RELIANCE,02-Mar-2024,28-Mar-2024,PE,3020.00,79.95,85.00,75.00,79.70,77.75,79.70,146.00,1130.58,28.28,46000.00,6750.00,2982.15
RELIANCE,02-Mar-2024,28-Mar-2024,PE,3040.00,92.45,92.45,86.00,89.85,90.90,89.85,56.00,438.04,12.44,86000.00,2500.00,2982.15
RELIANCE,02-Mar-2024,28-Mar-2024,PE,3060.00,103.65,103.65,98.15,102.10,101.50,102.10,28.00,221.31,7.11,36250.00,5250.00,2982.15
RELIANCE,02-Mar-2024,28-Mar-2024,PE,3080.00,-,-,-,118.25,120.65,112.10,-,-,-,34000.00,-,2982.15
RELIANCE,02-Mar-2024,28-Mar-2024,PE,3100.00,135.00,135.00,124.25,129.85,128.95,129.85,95.00,766.80,30.55,87750.00,6500.00,2982.15
RELIANCE,02-Mar-2024,28-Mar-2024,PE,3120.00,-,-,-,149.15,148.35,142.10,-,-,-,39000.00,-,2982.15
RELIANCE,02-Mar-2024,28-Mar-2024,PE,3140.00,-,-,-,151.60,151.60,158.20,-,-,-,5250.00,-,2982.15
RELIANCE,02-Mar-2024,28-Mar-2024,PE,3160.00,-,-,-,175.50,181.20,174.95,-,-,-,14000.00,-,2982.15
RELIANCE,02-Mar-2024,28-Mar-2024,PE,3180.00,-,-,-,527.45,-,192.25,-,-,-,-,-,2982.15
RELIANCE,02-Mar-2024,28-Mar-2024,PE,3200.00,212.00,212.00,204.00,205.00,205.00,210.05,5.00,42.57,2.57,134000.00,-,2982.15
RELIANCE,02-Mar-2024,28-Mar-2024,PE,3220.00,-,-,-,232.40,234.80,228.25,-,-,-,8250.00,-,2982.15
RELIANCE,02-Mar-2024,28-Mar-2024,PE,3240.00,-,-,-,259.00,259.90,246.80,-,-,-,46250.00,-,2982.15
RELIANCE,02-Mar-2024,28-Mar-2024,PE,3280.00,-,-,-,621.10,-,284.70,-,-,-,-,-,2982.15
RELIANCE,02-Mar-2024,28-Mar-2024,PE,3320.00,-,-,-,659.15,-,323.40,-,-,-,-,-,2982.15
RELIANCE,02-Mar-2024,28-Mar-2024,PE,3360.00,-,-,-,697.45,-,362.55,-,-,-,-,-,2982.15
RELIANCE,02-Mar-2024,28-Mar-2024,PE,3400.00,-,-,-,442.00,442.00,402.00,-,-,-,2000.00,-,2982.15
RELIANCE,04-Mar-2024,28-Mar-2024,PE,2200.00,1.00,1.00,0.90,1.00,1.00,1.00,29.00,159.57,0.07,9500.00,4000.00,3014.80
RELIANCE,04-Mar-2024,28-Mar-2024,PE,2300.00,1.00,1.00,0.95,1.00,0.95,1.00,3.00,17.26,0.01,7500.00,-,3014.80
RELIANCE,04-Mar-2024,28-Mar-2024,PE,2320.00,-,-,-,0.50,0.50,0.05,-,-,-,250.00,-,3014.80
RELIANCE,04-Mar-2024,28-Mar-2024,PE,2400.00,1.50,1.60,1.00,1.10,1.05,1.10,69.00,414.22,0.22,33000.00,1750.00,3014.80
RELIANCE,04-Mar-2024,28-Mar-2024,PE,2440.00,-,-,-,0.20,0.20,0.05,-,-,-,250.00,-,3014.80
RELIANCE,04-Mar-2024,28-Mar-2024,PE,2500.00,1.95,2.05,1.50,1.60,1.55,1.60,466.00,2914.52,2.02,260000.00,12750.00,3014.80
RELIANCE,04-Mar-2024,28-Mar-2024,PE,2540.00,2.00,2.55,1.80,2.10,2.10,0.05,11.00,69.91,0.06,4500.00,500.00,3014.80
RELIANCE,04-Mar-2024,28-Mar-2024,PE,2580.00,-,-,-,4.00,4.00,0.05,-,-,-,250.00,-,3014.80
RELIANCE,04-Mar-2024,28-Mar-2024,PE,2600.00,3.70,3.70,2.20,2.35,2.40,2.35,806.00,5244.05,5.05,319250.00,26000.00,3014.80
RELIANCE,04-Mar-2024,28-Mar-2024,PE,2620.00,3.20,3.20,2.25,2.45,2.45,0.05,9.00,59.01,0.06,3250.00,-500.00,3014.80
RELIANCE,04-Mar-2024,28-Mar-2024,PE,2640.00,3.95,4.95,2.75,2.75,2.75,2.75,77.00,508.90,0.70,26750.00,2750.00,3014.80
RELIANCE,04-Mar-2024,28-Mar-2024,PE,2660.00,3.30,4.20,2.45,2.60,2.70,2.60,181.00,1204.97,1.32,88250.00,23750.00,3014.80
RELIANCE,04-Mar-2024,28-Mar-2024,PE,2680.00,4.95,5.05,3.00,3.30,3.35,3.30,422.00,2831.66,4.26,18750.00,-10000.00,3014.80
RELIANCE,04-Mar-2024,28-Mar-2024,PE,2700.00,5.65,5.70,3.80,3.90,4.00,3.90,2275.00,15381.56,25.31,560000.00,45750.00,3014.80
RELIANCE,04-Mar-2024,28-Mar-2024,PE,2720.00,6.30,6.30,4.25,4.35,4.45,4.35,293.00,1996.12,3.72,39750.00,-2500.00,3014.80
RELIANCE,04-Mar-2024,28-Mar-2024,PE,2740.00,7.15,7.30,4.85,5.00,5.20,5.00,456.00,3129.91,6.31,51750.00,-9000.00,3014.80
RELIANCE,04-Mar-2024,28-Mar-2024,PE,2760.00,8.85,9.40,5.55,5.80,6.10,5.80,667.00,4613.22,10.92,73750.00,3250.00,3014.80
RELIANCE,04-Mar-2024,28-Mar-2024,PE,2780.00,10.20,10.20,6.50,6.80,7.05,6.80,652.00,4543.83,12.43,91250.00,3000.00,3014.80
RELIANCE,04-Mar-2024,28-Mar-2024,PE,2800.00,12.80,13.00,7.70,8.20,8.45,8.20,5221.00,36666.27,119.27,1013750.00,-71750.00,3014.80
RELIANCE,04-Mar-2024,28-Mar-2024,PE,2820.00,14.55,14.60,9.05,9.65,9.80,9.65,965.00,6829.34,26.09,164250.00,-31250.00,3014.80
RELIANCE,04-Mar-2024,28-Mar-2024,PE,2840.00,17.45,17.45,10.90,11.60,12.00,11.60,1099.00,7838.86,35.96,273250.00,2000.00,3014.80
RELIANCE,04-Mar-2024,28-Mar-2024,PE,2860.00,20.80,22.95,13.25,14.20,14.70,14.20,2641.00,18989.21,106.06,388000.00,22750.00,3014.80
RELIANCE,04-Mar-2024,28-Mar-2024,PE,2880.00,25.60,26.00,16.25,17.20,18.00,17.20,1843.00,13360.99,91.39,312500.00,131000.00,3014.80
RELIANCE,04-Mar-2024,28-Mar-2024,PE,2900.00,32.95,33.80,20.10,21.30,22.10,21.30,9234.00,67502.92,556.42,1256500.00,160750.00,3014.80
RELIANCE,04-Mar-2024,28-Mar-2024,PE,2920.00,37.20,37.90,24.55,25.95,27.00,25.95,5717.00,42162.42,428.32,262000.00,81500.00,3014.80
RELIANCE,04-Mar-2024,28-Mar-2024,PE,2940.00,44.40,45.65,29.80,31.60,32.75,31.60,6007.00,44690.92,539.47,272500.00,9500.00,3014.80
RELIANCE,04-Mar-2024,28-Mar-2024,PE,2960.00,51.95,53.70,36.00,38.20,39.40,38.20,4293.00,32224.90,456.70,314750.00,18000.00,3014.80
RELIANCE,04-Mar-2024,28-Mar-2024,PE,2980.00,59.50,62.95,43.35,45.85,47.00,45.85,4892.00,37070.12,624.72,292750.00,63000.00,3014.80
RELIANCE,04-Mar-2024,28-Mar-2024,PE,3000.00,74.90,75.60,51.30,54.35,55.20,54.35,10753.00,82239.69,1592.19,1026750.00,150750.00,3014.80
RELIANCE,04-Mar-2024,28-Mar-2024,PE,3020.00,79.40,81.80,60.45,64.00,64.85,64.00,3768.00,29085.60,637.20,147250.00,101250.00,3014.80
RELIANCE,04-Mar-2024,28-Mar-2024,PE,3040.00,92.50,93.45,70.30,74.10,76.00,74.10,2038.00,15885.19,396.39,80750.00,-5250.00,3014.80
RELIANCE,04-Mar-2024,28-Mar-2024,PE,3060.00,104.90,105.65,81.65,85.50,86.00,85.50,433.00,3408.25,95.80,55500.00,19250.00,3014.80
RELIANCE,04-Mar-2024,28-Mar-2024,PE,3080.00,110.50,110.70,93.40,97.70,98.10,97.70,148.00,1176.35,36.75,37250.00,3250.00,3014.80
RELIANCE,04-Mar-2024,28-Mar-2024,PE,3100.00,129.85,133.55,105.85,110.65,113.00,110.65,814.00,6546.96,238.46,126750.00,39000.00,3014.80
RELIANCE,04-Mar-2024,28-Mar-2024,PE,3120.00,129.00,129.00,120.05,124.70,125.95,124.70,33.00,267.53,10.13,40250.00,1250.00,3014.80
RELIANCE,04-Mar-2024,28-Mar-2024,PE,3140.00,158.00,158.30,134.70,139.50,140.00,139.50,121.00,994.43,44.58,31750.00,26500.00,3014.80
RELIANCE,04-Mar-2024,28-Mar-2024,PE,3160.00,173.10,174.40,149.00,154.85,158.00,154.85,92.00,763.20,36.40,26500.00,12500.00,3014.80
RELIANCE,04-Mar-2024,28-Mar-2024,PE,3180.00,187.05,191.55,168.50,171.95,172.70,171.95,55.00,462.31,25.06,11250.00,11250.00,3014.80
RELIANCE,04-Mar-2024,28-Mar-2024,PE,3200.00,210.10,210.10,181.45,188.40,188.15,188.40,140.00,1187.78,67.78,131000.00,-3000.00,3014.80
RELIANCE,04-Mar-2024,28-Mar-2024,PE,3220.00,232.40,232.40,232.40,232.40,232.40,198.80,1.00,8.63,0.58,8500.00,250.00,3014.80
RELIANCE,04-Mar-2024,28-Mar-2024,PE,3240.00,237.90,237.90,223.60,228.55,229.00,228.55,7.00,60.75,4.05,46750.00,500.00,3014.80
RELIANCE,04-Mar-2024,28-Mar-2024,PE,3280.00,245.80,245.80,245.80,245.80,245.80,254.15,1.00,8.81,0.61,250.00,250.00,3014.80
RELIANCE,04-Mar-2024,28-Mar-2024,PE,3320.00,309.00,311.00,309.00,311.00,311.00,292.45,2.00,18.15,1.55,500.00,500.00,3014.80
RELIANCE,04-Mar-2024,28-Mar-2024,PE,3360.00,-,-,-,697.45,-,331.40,-,-,-,-,-,3014.80
RELIANCE,04-Mar-2024,28-Mar-2024,PE,3400.00,395.00,399.00,382.00,382.00,382.00,370.75,6.00,56.86,5.86,2500.00,500.00,3014.80
RELIANCE,05-Mar-2024,28-Mar-2024,PE,2200.00,0.80,1.10,0.80,1.10,1.10,1.10,21.00,115.54,0.04,11000.00,1500.00,3000.40
RELIANCE,05-Mar-2024,28-Mar-2024,PE,2300.00,1.00,1.00,1.00,1.00,1.00,0.05,5.00,28.76,0.01,7500.00,-,3000.40
RELIANCE,05-Mar-2024,28-Mar-2024,PE,2320.00,-,-,-,0.50,0.50,0.05,-,-,-,250.00,-,3000.40
RELIANCE,05-Mar-2024,28-Mar-2024,PE,2400.00,1.10,1.40,1.00,1.10,1.10,1.10,19.00,114.05,0.05,32250.00,-750.00,3000.40
RELIANCE,05-Mar-2024,28-Mar-2024,PE,2440.00,-,-,-,0.20,0.20,0.05,-,-,-,250.00,-,3000.40
RELIANCE,05-Mar-2024,28-Mar-2024,PE,2500.00,1.60,1.80,1.45,1.55,1.60,1.55,373.00,2332.75,1.50,263000.00,3000.00,3000.40
RELIANCE,05-Mar-2024,28-Mar-2024,PE,2540.00,2.00,2.00,2.00,2.00,2.00,0.05,2.00,12.71,0.01,5000.00,500.00,3000.40
RELIANCE,05-Mar-2024,28-Mar-2024,PE,2580.00,-,-,-,4.00,4.00,0.05,-,-,-,250.00,-,3000.40
RELIANCE,05-Mar-2024,28-Mar-2024,PE,2600.00,2.15,2.40,1.80,1.90,1.90,1.90,384.00,2497.98,1.98,317000.00,-2250.00,3000.40
RELIANCE,05-Mar-2024,28-Mar-2024,PE,2620.00,2.45,2.45,1.50,1.65,1.50,1.65,27.00,176.97,0.12,8250.00,5000.00,3000.40
RELIANCE,05-Mar-2024,28-Mar-2024,PE,2640.00,2.75,2.90,2.15,2.35,2.55,2.35,259.00,1710.99,1.59,28250.00,1500.00,3000.40
RELIANCE,05-Mar-2024,28-Mar-2024,PE,2660.00,2.85,3.05,2.05,2.20,2.20,2.20,121.00,805.38,0.73,93250.00,5000.00,3000.40
RELIANCE,05-Mar-2024,28-Mar-2024,PE,2680.00,4.15,4.15,2.50,2.85,2.75,2.85,42.00,281.73,0.33,18000.00,-750.00,3000.40
RELIANCE,05-Mar-2024,28-Mar-2024,PE,2700.00,4.00,4.30,3.00,3.30,3.50,3.30,1882.00,12721.11,17.61,532500.00,-27500.00,3000.40
RELIANCE,05-Mar-2024,28-Mar-2024,PE,2720.00,4.35,5.00,3.40,3.90,3.95,3.90,394.00,2683.33,4.13,57000.00,17250.00,3000.40
RELIANCE,05-Mar-2024,28-Mar-2024,PE,2740.00,5.30,5.95,3.85,4.25,4.45,4.25,360.00,2470.43,4.43,56000.00,4250.00,3000.40
RELIANCE,05-Mar-2024,28-Mar-2024,PE,2760.00,6.15,7.05,4.50,5.10,5.30,5.10,1164.00,8048.10,16.50,104000.00,30250.00,3000.40
RELIANCE,05-Mar-2024,28-Mar-2024,PE,2780.00,7.30,8.55,5.30,6.15,6.20,6.15,803.00,5594.54,13.69,107750.00,16500.00,3000.40
RELIANCE,05-Mar-2024,28-Mar-2024,PE,2800.00,8.25,10.55,6.35,7.30,7.60,7.30,4238.00,29753.51,87.51,1025500.00,11750.00,3000.40
RELIANCE,05-Mar-2024,28-Mar-2024,PE,2820.00,9.45,12.70,7.55,8.65,9.15,8.65,1170.00,8277.51,29.01,139000.00,-25250.00,3000.40
RELIANCE,05-Mar-2024,28-Mar-2024,PE,2840.00,12.45,15.50,9.15,10.50,10.75,10.50,1263.00,9005.35,38.05,270750.00,-2500.00,3000.40
RELIANCE,05-Mar-2024,28-Mar-2024,PE,2860.00,15.00,19.00,11.25,12.80,13.50,12.80,1953.00,14037.44,73.49,453500.00,65500.00,3000.40
RELIANCE,05-Mar-2024,28-Mar-2024,PE,2880.00,18.50,23.50,14.10,15.75,16.80,15.75,2203.00,15967.37,105.77,405250.00,92750.00,3000.40
RELIANCE,05-Mar-2024,28-Mar-2024,PE,2900.00,21.25,29.05,17.70,19.95,20.60,19.95,6492.00,47448.78,381.78,1211750.00,-44750.00,3000.40
RELIANCE,05-Mar-2024,28-Mar-2024,PE,2920.00,26.45,35.40,22.10,25.05,25.55,25.05,2994.00,22068.31,212.11,249250.00,-12750.00,3000.40
RELIANCE,05-Mar-2024,28-Mar-2024,PE,2940.00,31.65,42.65,27.45,30.90,31.80,30.90,3847.00,28615.65,340.20,264750.00,-7750.00,3000.40
RELIANCE,05-Mar-2024,28-Mar-2024,PE,2960.00,40.55,51.15,33.75,37.70,38.95,37.70,5406.00,40582.18,577.78,337500.00,22750.00,3000.40
RELIANCE,05-Mar-2024,28-Mar-2024,PE,2980.00,47.75,60.75,41.20,45.65,47.50,45.65,6924.00,52482.57,898.77,278750.00,-14000.00,3000.40
RELIANCE,05-Mar-2024,28-Mar-2024,PE,3000.00,56.55,71.05,49.55,54.25,56.00,54.25,11788.00,90188.66,1778.66,986750.00,-40000.00,3000.40
RELIANCE,05-Mar-2024,28-Mar-2024,PE,3020.00,67.15,82.00,59.10,64.30,67.25,64.30,2524.00,19499.69,443.49,122500.00,-24750.00,3000.40
RELIANCE,05-Mar-2024,28-Mar-2024,PE,3040.00,75.85,94.30,69.35,75.20,78.05,75.20,1010.00,7880.41,204.41,66250.00,-14500.00,3000.40
RELIANCE,05-Mar-2024,28-Mar-2024,PE,3060.00,90.45,106.50,80.90,87.80,90.15,87.80,449.00,3540.55,105.70,55250.00,-250.00,3000.40
RELIANCE,05-Mar-2024,28-Mar-2024,PE,3080.00,98.90,120.75,94.00,101.10,103.10,101.10,137.00,1091.77,36.87,48250.00,11000.00,3000.40
RELIANCE,05-Mar-2024,28-Mar-2024,PE,3100.00,116.60,136.00,107.55,113.65,117.45,113.65,885.00,7124.88,266.13,214500.00,87750.00,3000.40
RELIANCE,05-Mar-2024,28-Mar-2024,PE,3120.00,129.45,150.35,128.10,132.60,133.15,132.60,64.00,521.81,22.61,48750.00,8500.00,3000.40
RELIANCE,05-Mar-2024,28-Mar-2024,PE,3140.00,139.50,163.50,139.50,147.40,148.00,147.40,53.00,436.50,20.45,35250.00,3500.00,3000.40
RELIANCE,05-Mar-2024,28-Mar-2024,PE,3160.00,160.30,179.15,155.10,161.25,164.55,161.25,123.00,1023.41,51.71,41750.00,15250.00,3000.40
RELIANCE,05-Mar-2024,28-Mar-2024,PE,3180.00,181.60,191.50,169.95,182.10,182.10,182.10,26.00,218.74,12.04,14000.00,2750.00,3000.40
RELIANCE,05-Mar-2024,28-Mar-2024,PE,3200.00,200.00,219.00,188.30,198.00,201.15,198.00,20.00,170.01,10.01,130000.00,-1000.00,3000.40
RELIANCE,05-Mar-2024,28-Mar-2024,PE,3220.00,-,-,-,232.40,232.40,211.70,-,-,-,8500.00,-,3000.40
RELIANCE,05-Mar-2024,28-Mar-2024,PE,3240.00,-,-,-,228.55,229.00,230.20,-,-,-,46750.00,-,3000.40
RELIANCE,05-Mar-2024,28-Mar-2024,PE,3260.00,-,-,-,602.20,-,249.00,-,-,-,-,-,3000.40
RELIANCE,05-Mar-2024,28-Mar-2024,PE,3280.00,-,-,-,245.80,245.80,268.05,-,-,-,250.00,-,3000.40
RELIANCE,05-Mar-2024,28-Mar-2024,PE,3320.00,-,-,-,311.00,311.00,306.80,-,-,-,500.00,-,3000.40
RELIANCE,05-Mar-2024,28-Mar-2024,PE,3360.00,-,-,-,697.45,-,346.00,-,-,-,-,-,3000.40
RELIANCE,05-Mar-2024,28-Mar-2024,PE,3400.00,-,-,-,382.00,382.00,385.50,-,-,-,2500.00,-,3000.40
RELIANCE,06-Mar-2024,28-Mar-2024,PE,2200.00,1.10,1.10,0.80,0.80,0.80,0.80,2.00,11.00,-,10750.00,-250.00,3006.00
RELIANCE,06-Mar-2024,28-Mar-2024,PE,2300.00,1.25,1.25,0.70,0.70,0.70,0.70,18.00,103.55,0.05,8750.00,1250.00,3006.00
RELIANCE,06-Mar-2024,28-Mar-2024,PE,2320.00,-,-,-,0.50,0.50,0.05,-,-,-,250.00,-,3006.00
RELIANCE,06-Mar-2024,28-Mar-2024,PE,2400.00,1.10,1.20,0.80,1.00,1.00,1.00,24.00,144.06,0.06,31500.00,-750.00,3006.00
RELIANCE,06-Mar-2024,28-Mar-2024,PE,2440.00,-,-,-,0.20,0.20,0.05,-,-,-,250.00,-,3006.00
RELIANCE,06-Mar-2024,28-Mar-2024,PE,2500.00,1.50,1.70,1.30,1.40,1.40,1.40,659.00,4121.23,2.48,275000.00,12000.00,3006.00
RELIANCE,06-Mar-2024,28-Mar-2024,PE,2540.00,2.00,2.00,1.20,1.40,1.30,1.40,11.00,69.89,0.04,4250.00,-750.00,3006.00
RELIANCE,06-Mar-2024,28-Mar-2024,PE,2580.00,1.10,2.45,1.10,1.40,1.40,1.40,5.00,32.27,0.02,500.00,250.00,3006.00
RELIANCE,06-Mar-2024,28-Mar-2024,PE,2600.00,1.95,2.05,1.55,1.80,1.85,1.80,631.00,4104.39,2.89,299250.00,-17750.00,3006.00
RELIANCE,06-Mar-2024,28-Mar-2024,PE,2620.00,1.90,1.95,1.65,1.80,1.80,1.80,43.00,281.85,0.20,5500.00,-2750.00,3006.00
RELIANCE,06-Mar-2024,28-Mar-2024,PE,2640.00,2.00,2.90,1.45,1.65,1.45,1.65,82.00,541.61,0.41,35250.00,7000.00,3006.00
RELIANCE,06-Mar-2024,28-Mar-2024,PE,2660.00,1.95,2.50,1.65,1.95,2.00,1.95,73.00,485.83,0.38,92500.00,-750.00,3006.00
RELIANCE,06-Mar-2024,28-Mar-2024,PE,2680.00,3.25,3.25,2.40,2.50,2.50,0.25,35.00,234.76,0.26,16000.00,-2000.00,3006.00
RELIANCE,06-Mar-2024,28-Mar-2024,PE,2700.00,3.50,3.85,2.50,2.80,3.00,2.80,1383.00,9346.59,11.34,492500.00,-40000.00,3006.00
RELIANCE,06-Mar-2024,28-Mar-2024,PE,2720.00,3.80,4.55,3.00,3.15,3.30,3.15,413.00,2812.36,3.96,38500.00,-18500.00,3006.00
RELIANCE,06-Mar-2024,28-Mar-2024,PE,2740.00,4.50,5.50,3.50,3.65,3.70,3.65,460.00,3156.12,5.12,55500.00,-500.00,3006.00
RELIANCE,06-Mar-2024,28-Mar-2024,PE,2760.00,5.20,6.75,4.10,4.30,4.30,4.30,495.00,3422.35,6.85,108250.00,4250.00,3006.00
RELIANCE,06-Mar-2024,28-Mar-2024,PE,2780.00,6.20,8.30,4.85,5.00,5.20,5.00,713.00,4966.97,11.62,102750.00,-5000.00,3006.00
RELIANCE,06-Mar-2024,28-Mar-2024,PE,2800.00,7.65,10.45,5.90,6.15,6.35,6.15,3942.00,27671.56,77.56,958250.00,-67250.00,3006.00
RELIANCE,06-Mar-2024,28-Mar-2024,PE,2820.00,8.95,12.65,7.05,7.30,7.50,7.30,1417.00,10022.94,33.09,119750.00,-19250.00,3006.00
RELIANCE,06-Mar-2024,28-Mar-2024,PE,2840.00,10.25,15.40,8.55,8.85,9.25,8.85,1485.00,10587.33,43.83,278500.00,7750.00,3006.00
RELIANCE,06-Mar-2024,28-Mar-2024,PE,2860.00,13.55,19.05,10.55,10.95,11.25,10.95,2123.00,15255.17,75.72,441500.00,-12000.00,3006.00
RELIANCE,06-Mar-2024,28-Mar-2024,PE,2880.00,18.20,23.85,13.25,13.70,14.05,13.70,2409.00,17450.41,105.61,385000.00,-20250.00,3006.00
RELIANCE,06-Mar-2024,28-Mar-2024,PE,2900.00,20.00,29.60,16.55,17.25,17.70,17.25,8679.00,63415.62,492.87,1194500.00,-17250.00,3006.00
RELIANCE,06-Mar-2024,28-Mar-2024,PE,2920.00,26.90,36.65,21.00,21.75,22.55,21.75,4357.00,32111.19,305.09,237250.00,-12000.00,3006.00
RELIANCE,06-Mar-2024,28-Mar-2024,PE,2940.00,34.05,44.80,26.30,27.25,28.10,27.25,4624.00,34380.12,393.72,276250.00,11500.00,3006.00
RELIANCE,06-Mar-2024,28-Mar-2024,PE,2960.00,40.25,54.00,32.50,33.60,34.90,33.60,7345.00,55122.92,769.91,336000.00,-1500.00,3006.00
RELIANCE,06-Mar-2024,28-Mar-2024,PE,2980.00,48.40,64.25,39.85,41.35,42.50,41.35,7046.00,53374.56,881.86,306750.00,28000.00,3006.00
RELIANCE,06-Mar-2024,28-Mar-2024,PE,3000.00,58.05,75.60,48.45,49.95,51.90,49.95,12596.00,96292.37,1822.37,1005500.00,18750.00,3006.00
RELIANCE,06-Mar-2024,28-Mar-2024,PE,3020.00,69.25,87.45,57.60,59.60,60.25,59.60,3208.00,24751.11,530.71,136500.00,14000.00,3006.00
RELIANCE,06-Mar-2024,28-Mar-2024,PE,3040.00,79.50,100.50,68.20,69.75,72.35,69.75,835.00,6508.86,162.86,94500.00,28250.00,3006.00
RELIANCE,06-Mar-2024,28-Mar-2024,PE,3060.00,92.95,114.00,79.45,81.55,83.00,81.55,412.00,3248.53,96.73,40750.00,-14500.00,3006.00
RELIANCE,06-Mar-2024,28-Mar-2024,PE,3080.00,106.45,128.35,92.65,94.30,97.00,94.30,193.00,1537.21,51.11,64000.00,15750.00,3006.00
RELIANCE,06-Mar-2024,28-Mar-2024,PE,3100.00,120.95,144.75,104.80,107.80,109.00,107.80,681.00,5485.21,207.46,204500.00,-10000.00,3006.00
RELIANCE,06-Mar-2024,28-Mar-2024,PE,3120.00,136.00,160.50,123.55,123.55,123.55,123.55,44.00,358.44,15.24,51250.00,2500.00,3006.00
RELIANCE,06-Mar-2024,28-Mar-2024,PE,3140.00,138.75,175.00,134.95,139.35,141.00,139.35,79.00,649.77,29.62,34500.00,-750.00,3006.00
RELIANCE,06-Mar-2024,28-Mar-2024,PE,3160.00,154.15,188.65,153.05,154.75,156.55,154.75,44.00,365.86,18.26,39250.00,-2500.00,3006.00
RELIANCE,06-Mar-2024,28-Mar-2024,PE,3180.00,170.95,205.15,170.95,174.35,173.80,174.35,12.00,101.03,5.63,14500.00,500.00,3006.00
RELIANCE,06-Mar-2024,28-Mar-2024,PE,3200.00,199.00,232.00,185.00,190.90,192.60,190.90,93.00,793.04,49.04,116500.00,-13500.00,3006.00
RELIANCE,06-Mar-2024,28-Mar-2024,PE,3220.00,-,-,-,232.40,232.40,206.50,-,-,-,8500.00,-,3006.00
RELIANCE,06-Mar-2024,28-Mar-2024,PE,3240.00,-,-,-,228.55,229.00,225.00,-,-,-,46750.00,-,3006.00
RELIANCE,06-Mar-2024,28-Mar-2024,PE,3260.00,-,-,-,602.20,-,243.85,-,-,-,-,-,3006.00
RELIANCE,06-Mar-2024,28-Mar-2024,PE,3280.00,-,-,-,245.80,245.80,262.95,-,-,-,250.00,-,3006.00
RELIANCE,06-Mar-2024,28-Mar-2024,PE,3320.00,-,-,-,311.00,311.00,301.65,-,-,-,500.00,-,3006.00
RELIANCE,06-Mar-2024,28-Mar-2024,PE,3360.00,-,-,-,697.45,-,340.90,-,-,-,-,-,3006.00
RELIANCE,06-Mar-2024,28-Mar-2024,PE,3400.00,-,-,-,382.00,382.00,380.45,-,-,-,2500.00,-,3006.00
RELIANCE,07-Mar-2024,28-Mar-2024,PE,2200.00,0.75,0.75,0.70,0.70,0.70,0.70,9.00,49.52,0.02,12000.00,1250.00,2957.85
RELIANCE,07-Mar-2024,28-Mar-2024,PE,2300.00,0.70,0.70,0.70,0.70,0.70,0.05,1.00,5.75,-,8500.00,-250.00,2957.85
RELIANCE,07-Mar-2024,28-Mar-2024,PE,2320.00,-,-,-,0.50,0.50,0.05,-,-,-,250.00,-,2957.85
RELIANCE,07-Mar-2024,28-Mar-2024,PE,2400.00,1.25,1.25,0.90,0.90,0.90,0.90,10.00,60.02,0.02,31500.00,-,2957.85
RELIANCE,07-Mar-2024,28-Mar-2024,PE,2440.00,2.15,2.15,1.20,1.20,1.20,0.05,9.00,54.93,0.03,1250.00,1000.00,2957.85
RELIANCE,07-Mar-2024,28-Mar-2024,PE,2500.00,1.40,1.80,1.40,1.75,1.80,1.75,624.00,3902.52,2.52,252250.00,-22750.00,2957.85
RELIANCE,07-Mar-2024,28-Mar-2024,PE,2540.00,1.05,1.80,1.05,1.80,1.80,0.05,3.00,19.06,0.01,4500.00,250.00,2957.85
RELIANCE,07-Mar-2024,28-Mar-2024,PE,2580.00,-,-,-,1.40,1.40,0.05,-,-,-,500.00,-,2957.85
RELIANCE,07-Mar-2024,28-Mar-2024,PE,2600.00,1.85,2.45,1.70,2.20,2.45,2.20,511.00,3323.99,2.49,283250.00,-16000.00,2957.85
RELIANCE,07-Mar-2024,28-Mar-2024,PE,2620.00,1.80,1.80,1.35,1.35,1.35,0.10,2.00,13.11,0.01,5250.00,-250.00,2957.85
RELIANCE,07-Mar-2024,28-Mar-2024,PE,2640.00,1.40,2.50,1.30,1.85,1.85,0.20,22.00,145.30,0.10,36000.00,750.00,2957.85
RELIANCE,07-Mar-2024,28-Mar-2024,PE,2660.00,1.95,2.95,1.90,2.55,2.45,2.55,66.00,439.29,0.39,93000.00,500.00,2957.85
RELIANCE,07-Mar-2024,28-Mar-2024,PE,2680.00,2.75,3.55,2.75,3.50,3.45,3.50,23.00,154.29,0.19,15250.00,-750.00,2957.85
RELIANCE,07-Mar-2024,28-Mar-2024,PE,2700.00,5.00,5.00,2.20,4.15,4.00,4.15,1317.00,8902.21,12.46,569750.00,77250.00,2957.85
RELIANCE,07-Mar-2024,28-Mar-2024,PE,2720.00,3.60,5.00,3.10,4.85,4.85,4.85,290.00,1974.91,2.91,46250.00,7750.00,2957.85
RELIANCE,07-Mar-2024,28-Mar-2024,PE,2740.00,4.00,5.95,3.75,5.75,5.70,5.75,493.00,3382.96,5.91,45000.00,-10500.00,2957.85
RELIANCE,07-Mar-2024,28-Mar-2024,PE,2760.00,4.40,7.15,4.20,6.85,6.90,6.85,626.00,4328.34,8.94,146000.00,37750.00,2957.85
RELIANCE,07-Mar-2024,28-Mar-2024,PE,2780.00,5.60,8.70,5.20,8.40,8.10,8.40,970.00,6758.12,16.62,141750.00,39000.00,2957.85
RELIANCE,07-Mar-2024,28-Mar-2024,PE,2800.00,6.30,11.00,6.20,10.50,10.30,10.50,3437.00,24135.66,76.66,1091500.00,133250.00,2957.85
RELIANCE,07-Mar-2024,28-Mar-2024,PE,2820.00,7.80,12.95,7.45,12.55,12.35,12.55,792.00,5603.91,20.31,116250.00,-3500.00,2957.85
RELIANCE,07-Mar-2024,28-Mar-2024,PE,2840.00,9.35,16.00,9.10,15.60,15.00,15.60,1403.00,10007.45,46.15,317250.00,38750.00,2957.85
RELIANCE,07-Mar-2024,28-Mar-2024,PE,2860.00,11.80,19.75,11.40,19.30,18.80,19.30,1841.00,13237.90,74.75,481250.00,39750.00,2957.85
RELIANCE,07-Mar-2024,28-Mar-2024,PE,2880.00,14.05,24.65,14.00,24.00,23.05,24.00,1605.00,11633.54,77.54,401500.00,16500.00,2957.85
RELIANCE,07-Mar-2024,28-Mar-2024,PE,2900.00,16.95,30.90,16.95,30.00,29.00,30.00,7124.00,52090.74,441.74,1310500.00,116000.00,2957.85
RELIANCE,07-Mar-2024,28-Mar-2024,PE,2920.00,22.90,37.95,22.25,37.05,36.05,37.05,4076.00,30058.14,303.34,231500.00,-5750.00,2957.85
RELIANCE,07-Mar-2024,28-Mar-2024,PE,2940.00,28.75,46.40,27.75,45.40,44.80,45.40,4025.00,29966.14,382.39,357250.00,81000.00,2957.85
RELIANCE,07-Mar-2024,28-Mar-2024,PE,2960.00,35.40,56.25,34.50,54.75,53.00,54.75,5780.00,43458.15,686.15,454750.00,118750.00,2957.85
RELIANCE,07-Mar-2024,28-Mar-2024,PE,2980.00,42.55,66.90,41.95,65.55,64.70,65.55,6629.00,50288.14,902.09,532000.00,225250.00,2957.85
RELIANCE,07-Mar-2024,28-Mar-2024,PE,3000.00,50.95,78.50,50.50,77.00,75.65,77.00,8133.00,62262.97,1265.47,1147250.00,141750.00,2957.85
RELIANCE,07-Mar-2024,28-Mar-2024,PE,3020.00,60.85,91.05,60.20,89.55,90.00,89.55,1975.00,15266.10,354.85,150000.00,13500.00,2957.85
RELIANCE,07-Mar-2024,28-Mar-2024,PE,3040.00,72.50,104.55,71.50,102.75,101.80,102.75,728.00,5689.67,156.87,95250.00,750.00,2957.85
RELIANCE,07-Mar-2024,28-Mar-2024,PE,3060.00,84.15,119.10,83.50,116.70,116.45,116.70,333.00,2631.02,83.57,50750.00,10000.00,2957.85
RELIANCE,07-Mar-2024,28-Mar-2024,PE,3080.00,95.70,133.55,95.70,132.65,133.55,132.65,88.00,701.22,23.62,71500.00,7500.00,2957.85
RELIANCE,07-Mar-2024,28-Mar-2024,PE,3100.00,110.00,150.40,110.00,148.15,148.20,148.15,487.00,3939.80,165.55,213250.00,8750.00,2957.85
RELIANCE,07-Mar-2024,28-Mar-2024,PE,3120.00,132.50,167.10,132.50,165.05,167.10,165.05,62.00,506.12,22.52,58500.00,7250.00,2957.85
RELIANCE,07-Mar-2024,28-Mar-2024,PE,3140.00,144.95,183.30,144.80,182.40,183.30,182.40,68.00,560.57,26.77,43500.00,9000.00,2957.85
RELIANCE,07-Mar-2024,28-Mar-2024,PE,3160.00,163.90,196.55,163.40,196.55,196.55,195.55,60.00,500.63,26.63,45000.00,5750.00,2957.85
RELIANCE,07-Mar-2024,28-Mar-2024,PE,3180.00,184.00,219.05,184.00,219.05,219.05,219.05,14.00,118.52,7.22,14750.00,250.00,2957.85
RELIANCE,07-Mar-2024,28-Mar-2024,PE,3200.00,202.00,239.50,199.40,239.20,239.50,239.20,61.00,520.87,32.87,111750.00,-4750.00,2957.85
RELIANCE,07-Mar-2024,28-Mar-2024,PE,3220.00,-,-,-,232.40,232.40,251.85,-,-,-,8500.00,-,2957.85
RELIANCE,07-Mar-2024,28-Mar-2024,PE,3240.00,-,-,-,228.55,229.00,271.15,-,-,-,46750.00,-,2957.85
RELIANCE,07-Mar-2024,28-Mar-2024,PE,3260.00,-,-,-,602.20,-,290.60,-,-,-,-,-,2957.85
RELIANCE,07-Mar-2024,28-Mar-2024,PE,3280.00,-,-,-,245.80,245.80,310.20,-,-,-,250.00,-,2957.85
RELIANCE,07-Mar-2024,28-Mar-2024,PE,3320.00,-,-,-,311.00,311.00,349.65,-,-,-,500.00,-,2957.85
RELIANCE,07-Mar-2024,28-Mar-2024,PE,3360.00,-,-,-,697.45,-,389.30,-,-,-,-,-,2957.85
RELIANCE,07-Mar-2024,28-Mar-2024,PE,3400.00,-,-,-,382.00,382.00,429.05,-,-,-,2500.00,-,2957.85
RELIANCE,11-Mar-2024,28-Mar-2024,PE,2200.00,0.70,0.70,0.50,0.50,0.50,0.50,5.00,27.51,0.01,12000.00,-,2933.20
RELIANCE,11-Mar-2024,28-Mar-2024,PE,2300.00,0.75,0.75,0.75,0.75,0.75,0.05,1.00,5.75,-,8250.00,-250.00,2933.20
RELIANCE,11-Mar-2024,28-Mar-2024,PE,2320.00,-,-,-,0.50,0.50,0.05,-,-,-,250.00,-,2933.20
RELIANCE,11-Mar-2024,28-Mar-2024,PE,2400.00,0.25,3.00,0.25,0.85,0.80,0.85,39.00,234.10,0.10,30250.00,-1250.00,2933.20
RELIANCE,11-Mar-2024,28-Mar-2024,PE,2440.00,1.20,1.80,0.90,0.90,0.90,0.90,14.00,85.45,0.05,3250.00,2000.00,2933.20
RELIANCE,11-Mar-2024,28-Mar-2024,PE,2500.00,1.80,1.80,1.35,1.65,1.70,1.65,248.00,1550.93,0.93,247000.00,-5250.00,2933.20
RELIANCE,11-Mar-2024,28-Mar-2024,PE,2540.00,1.30,1.30,1.30,1.30,1.30,0.05,1.00,6.35,-,4500.00,-,2933.20
RELIANCE,11-Mar-2024,28-Mar-2024,PE,2560.00,-,-,-,83.00,-,0.05,-,-,-,-,-,2933.20
RELIANCE,11-Mar-2024,28-Mar-2024,PE,2580.00,-,-,-,1.40,1.40,0.05,-,-,-,500.00,-,2933.20
RELIANCE,11-Mar-2024,28-Mar-2024,PE,2600.00,1.85,2.40,1.80,2.20,2.40,2.20,497.00,3233.07,2.57,326500.00,43250.00,2933.20
RELIANCE,11-Mar-2024,28-Mar-2024,PE,2620.00,2.00,2.55,2.00,2.15,2.55,2.15,9.00,59.00,0.05,5750.00,500.00,2933.20
RELIANCE,11-Mar-2024,28-Mar-2024,PE,2640.00,1.85,2.70,1.60,2.45,2.70,2.45,27.00,178.34,0.14,35750.00,-250.00,2933.20
RELIANCE,11-Mar-2024,28-Mar-2024,PE,2660.00,2.50,3.25,1.85,3.00,3.25,3.00,196.00,1304.82,1.42,95500.00,2500.00,2933.20
RELIANCE,11-Mar-2024,28-Mar-2024,PE,2680.00,4.40,4.40,2.50,3.60,3.85,3.60,98.00,657.40,0.80,22750.00,7500.00,2933.20
RELIANCE,11-Mar-2024,28-Mar-2024,PE,2700.00,3.75,4.65,3.10,4.30,4.65,4.30,1024.00,6921.33,9.33,596500.00,26750.00,2933.20
RELIANCE,11-Mar-2024,28-Mar-2024,PE,2720.00,3.90,5.40,3.55,5.15,5.35,5.15,416.00,2833.34,4.54,37250.00,-9000.00,2933.20
RELIANCE,11-Mar-2024,28-Mar-2024,PE,2740.00,5.85,6.55,4.25,6.25,6.50,6.25,432.00,2964.74,5.54,53250.00,8250.00,2933.20
RELIANCE,11-Mar-2024,28-Mar-2024,PE,2760.00,6.80,8.00,5.00,7.35,7.85,7.35,742.00,5130.80,11.00,160750.00,14750.00,2933.20
RELIANCE,11-Mar-2024,28-Mar-2024,PE,2780.00,7.30,9.85,6.00,9.15,9.75,9.15,808.00,5630.79,15.19,146500.00,4750.00,2933.20
RELIANCE,11-Mar-2024,28-Mar-2024,PE,2800.00,8.40,12.40,7.55,11.55,12.00,11.55,3673.00,25797.29,86.29,1095500.00,4000.00,2933.20
RELIANCE,11-Mar-2024,28-Mar-2024,PE,2820.00,12.50,15.10,9.20,13.45,14.80,13.45,1488.00,10534.31,43.91,128500.00,12250.00,2933.20
RELIANCE,11-Mar-2024,28-Mar-2024,PE,2840.00,15.00,18.80,11.40,17.70,18.30,17.70,1550.00,11062.41,57.41,332000.00,14750.00,2933.20
RELIANCE,11-Mar-2024,28-Mar-2024,PE,2860.00,16.25,23.45,14.15,22.00,23.00,22.00,2815.00,20253.57,126.32,489250.00,8000.00,2933.20
RELIANCE,11-Mar-2024,28-Mar-2024,PE,2880.00,20.35,29.20,18.00,27.00,28.20,27.00,3546.00,25726.61,195.41,423250.00,21750.00,2933.20
RELIANCE,11-Mar-2024,28-Mar-2024,PE,2900.00,25.00,36.60,22.75,34.65,35.50,34.65,6437.00,47119.09,450.84,1301250.00,-9250.00,2933.20
RELIANCE,11-Mar-2024,28-Mar-2024,PE,2920.00,35.00,45.05,28.65,42.25,44.20,42.25,3242.00,23955.31,288.71,242750.00,11250.00,2933.20
RELIANCE,11-Mar-2024,28-Mar-2024,PE,2940.00,39.35,54.80,35.65,52.40,54.20,52.40,6350.00,47377.70,705.20,392250.00,35000.00,2933.20
RELIANCE,11-Mar-2024,28-Mar-2024,PE,2960.00,48.75,65.85,43.85,62.00,64.00,62.00,6478.00,48778.37,841.17,500750.00,46000.00,2933.20
RELIANCE,11-Mar-2024,28-Mar-2024,PE,2980.00,58.05,77.95,53.15,73.00,75.10,73.00,3628.00,27580.76,552.16,521500.00,-10500.00,2933.20
RELIANCE,11-Mar-2024,28-Mar-2024,PE,3000.00,69.25,90.25,63.50,86.95,88.80,86.95,4100.00,31501.84,751.84,1030000.00,-117250.00,2933.20
RELIANCE,11-Mar-2024,28-Mar-2024,PE,3020.00,81.55,104.15,75.80,99.70,101.25,99.70,394.00,3058.96,84.26,140000.00,-10000.00,2933.20
RELIANCE,11-Mar-2024,28-Mar-2024,PE,3040.00,94.40,118.55,88.40,114.70,117.10,114.70,346.00,2715.77,86.17,95250.00,-,2933.20
RELIANCE,11-Mar-2024,28-Mar-2024,PE,3060.00,110.30,134.40,101.70,131.90,134.35,131.90,78.00,618.52,21.82,44250.00,-6500.00,2933.20
RELIANCE,11-Mar-2024,28-Mar-2024,PE,3080.00,125.40,150.60,117.15,145.10,150.60,145.10,105.00,842.12,33.62,68750.00,-2750.00,2933.20
RELIANCE,11-Mar-2024,28-Mar-2024,PE,3100.00,141.45,168.00,132.00,164.80,168.00,164.80,178.00,1444.09,64.59,207250.00,-6000.00,2933.20
RELIANCE,11-Mar-2024,28-Mar-2024,PE,3120.00,154.35,185.40,149.30,174.80,185.40,174.80,60.00,492.50,24.50,51500.00,-7000.00,2933.20
RELIANCE,11-Mar-2024,28-Mar-2024,PE,3140.00,171.65,202.90,167.20,192.20,202.55,192.20,70.00,581.43,31.93,44500.00,1000.00,2933.20
RELIANCE,11-Mar-2024,28-Mar-2024,PE,3160.00,189.60,217.75,184.85,217.75,217.75,217.75,52.00,436.25,25.45,45250.00,250.00,2933.20
RELIANCE,11-Mar-2024,28-Mar-2024,PE,3180.00,211.00,236.55,206.50,229.90,236.55,229.90,24.00,204.07,13.27,16750.00,2000.00,2933.20
RELIANCE,11-Mar-2024,28-Mar-2024,PE,3200.00,227.15,258.90,222.05,253.05,258.90,253.05,44.00,378.27,26.27,113250.00,1500.00,2933.20
RELIANCE,11-Mar-2024,28-Mar-2024,PE,3220.00,-,-,-,232.40,232.40,277.35,-,-,-,8500.00,-,2933.20
RELIANCE,11-Mar-2024,28-Mar-2024,PE,3240.00,-,-,-,228.55,229.00,297.05,-,-,-,46750.00,-,2933.20
RELIANCE,11-Mar-2024,28-Mar-2024,PE,3260.00,-,-,-,602.20,-,316.85,-,-,-,-,-,2933.20
RELIANCE,11-Mar-2024,28-Mar-2024,PE,3280.00,-,-,-,245.80,245.80,336.65,-,-,-,250.00,-,2933.20
RELIANCE,11-Mar-2024,28-Mar-2024,PE,3320.00,-,-,-,311.00,311.00,376.45,-,-,-,500.00,-,2933.20
RELIANCE,11-Mar-2024,28-Mar-2024,PE,3360.00,-,-,-,697.45,-,416.30,-,-,-,-,-,2933.20
RELIANCE,11-Mar-2024,28-Mar-2024,PE,3400.00,-,-,-,382.00,382.00,456.15,-,-,-,2500.00,-,2933.20
RELIANCE,12-Mar-2024,28-Mar-2024,PE,2200.00,0.50,0.70,0.50,0.70,0.70,0.05,7.00,38.51,0.01,12250.00,250.00,2950.85
RELIANCE,12-Mar-2024,28-Mar-2024,PE,2300.00,-,-,-,0.75,0.75,0.05,-,-,-,8250.00,-,2950.85
RELIANCE,12-Mar-2024,28-Mar-2024,PE,2320.00,-,-,-,0.50,0.50,0.05,-,-,-,250.00,-,2950.85
RELIANCE,12-Mar-2024,28-Mar-2024,PE,2400.00,0.80,1.15,0.80,0.95,1.10,0.95,10.00,60.02,0.02,31250.00,1000.00,2950.85
RELIANCE,12-Mar-2024,28-Mar-2024,PE,2440.00,1.15,1.70,0.35,0.35,0.35,0.05,12.00,73.23,0.03,3500.00,250.00,2950.85
RELIANCE,12-Mar-2024,28-Mar-2024,PE,2500.00,1.80,1.80,1.20,1.25,1.20,1.25,278.00,1738.40,0.90,258250.00,11250.00,2950.85
RELIANCE,12-Mar-2024,28-Mar-2024,PE,2520.00,-,-,-,68.00,-,0.05,-,-,-,-,-,2950.85
RELIANCE,12-Mar-2024,28-Mar-2024,PE,2540.00,1.30,1.30,1.30,1.30,1.30,1.30,3.00,19.06,0.01,5250.00,750.00,2950.85
RELIANCE,12-Mar-2024,28-Mar-2024,PE,2560.00,-,-,-,83.00,-,0.05,-,-,-,-,-,2950.85
RELIANCE,12-Mar-2024,28-Mar-2024,PE,2580.00,-,-,-,1.40,1.40,0.05,-,-,-,500.00,-,2950.85
RELIANCE,12-Mar-2024,28-Mar-2024,PE,2600.00,2.00,2.10,1.40,1.60,1.60,1.60,278.00,1808.18,1.18,325750.00,-750.00,2950.85
RELIANCE,12-Mar-2024,28-Mar-2024,PE,2620.00,2.20,2.20,1.60,1.95,1.95,0.05,10.00,65.55,0.05,5500.00,-250.00,2950.85
RELIANCE,12-Mar-2024,28-Mar-2024,PE,2640.00,1.55,1.75,1.35,1.35,1.35,1.35,6.00,39.62,0.02,36250.00,500.00,2950.85
RELIANCE,12-Mar-2024,28-Mar-2024,PE,2660.00,2.25,2.30,1.65,1.85,1.85,1.85,114.00,758.65,0.55,82250.00,-13250.00,2950.85
RELIANCE,12-Mar-2024,28-Mar-2024,PE,2680.00,2.35,2.40,2.05,2.20,2.20,2.20,58.00,388.92,0.32,14500.00,-8250.00,2950.85
RELIANCE,12-Mar-2024,28-Mar-2024,PE,2700.00,4.10,4.10,2.45,2.55,2.55,2.55,909.00,6142.36,6.61,591000.00,-5500.00,2950.85
RELIANCE,12-Mar-2024,28-Mar-2024,PE,2720.00,4.85,4.85,2.80,2.90,2.90,2.90,263.00,1790.67,2.27,32250.00,-5000.00,2950.85
RELIANCE,12-Mar-2024,28-Mar-2024,PE,2740.00,5.85,5.85,3.30,3.45,3.40,3.45,359.00,2462.59,3.44,52000.00,-1250.00,2950.85
RELIANCE,12-Mar-2024,28-Mar-2024,PE,2760.00,7.40,7.40,3.90,4.15,4.15,4.15,728.00,5032.14,8.94,155500.00,-5250.00,2950.85
RELIANCE,12-Mar-2024,28-Mar-2024,PE,2780.00,8.65,8.75,4.85,5.20,5.15,5.20,895.00,6233.53,13.29,124250.00,-22250.00,2950.85
RELIANCE,12-Mar-2024,28-Mar-2024,PE,2800.00,12.05,13.55,6.20,6.70,6.55,6.70,4243.00,29781.07,80.07,990500.00,-105000.00,2950.85
RELIANCE,12-Mar-2024,28-Mar-2024,PE,2820.00,13.05,13.45,7.60,8.35,8.05,8.35,1400.00,9901.72,31.72,125000.00,-3500.00,2950.85
RELIANCE,12-Mar-2024,28-Mar-2024,PE,2840.00,16.60,17.00,9.75,10.80,10.25,10.80,2299.00,16389.91,67.01,327250.00,-4750.00,2950.85
RELIANCE,12-Mar-2024,28-Mar-2024,PE,2860.00,20.80,21.25,12.35,13.75,13.35,13.75,4823.00,34664.41,179.96,457250.00,-32000.00,2950.85
RELIANCE,12-Mar-2024,28-Mar-2024,PE,2880.00,26.20,26.55,16.00,17.90,17.45,17.90,4612.00,33424.90,218.50,411750.00,-11500.00,2950.85
RELIANCE,12-Mar-2024,28-Mar-2024,PE,2900.00,35.50,36.00,20.70,23.25,22.40,23.25,8660.00,63311.17,526.17,1280250.00,-21000.00,2950.85
RELIANCE,12-Mar-2024,28-Mar-2024,PE,2920.00,44.15,44.15,26.60,30.30,29.20,30.30,5099.00,37615.54,392.84,205750.00,-37000.00,2950.85
RELIANCE,12-Mar-2024,28-Mar-2024,PE,2940.00,52.80,52.80,33.55,38.80,37.00,38.80,9331.00,69481.81,898.96,359250.00,-33000.00,2950.85
RELIANCE,12-Mar-2024,28-Mar-2024,PE,2960.00,64.75,64.75,42.00,47.70,46.85,47.70,10309.00,77501.13,1214.53,481750.00,-19000.00,2950.85
RELIANCE,12-Mar-2024,28-Mar-2024,PE,2980.00,71.05,72.45,51.55,58.50,60.05,58.50,6034.00,45809.28,855.98,467500.00,-54000.00,2950.85
RELIANCE,12-Mar-2024,28-Mar-2024,PE,3000.00,82.10,84.95,62.05,70.75,68.15,70.75,3789.00,29067.20,649.70,957750.00,-72250.00,2950.85
RELIANCE,12-Mar-2024,28-Mar-2024,PE,3020.00,99.95,99.95,74.20,83.50,82.45,83.50,458.00,3550.46,92.56,132500.00,-7500.00,2950.85
RELIANCE,12-Mar-2024,28-Mar-2024,PE,3040.00,111.30,111.30,86.85,97.20,96.45,97.20,190.00,1488.98,44.98,88750.00,-6500.00,2950.85
RELIANCE,12-Mar-2024,28-Mar-2024,PE,3060.00,124.00,128.85,101.85,113.80,111.40,113.80,129.00,1022.60,35.75,43500.00,-750.00,2950.85
RELIANCE,12-Mar-2024,28-Mar-2024,PE,3080.00,140.00,140.00,119.15,129.55,127.65,129.55,125.00,1001.96,39.46,59250.00,-9500.00,2950.85
RELIANCE,12-Mar-2024,28-Mar-2024,PE,3100.00,159.60,159.60,133.00,146.10,144.05,146.10,357.00,2894.34,127.58,234500.00,27250.00,2950.85
RELIANCE,12-Mar-2024,28-Mar-2024,PE,3120.00,171.55,172.70,152.30,162.55,162.10,162.55,43.00,352.36,16.96,48500.00,-3000.00,2950.85
RELIANCE,12-Mar-2024,28-Mar-2024,PE,3140.00,189.70,191.65,170.80,183.75,180.20,183.75,68.00,563.91,30.11,46750.00,2250.00,2950.85
RELIANCE,12-Mar-2024,28-Mar-2024,PE,3160.00,209.00,209.00,189.55,198.95,198.80,198.95,60.00,502.90,28.90,40500.00,-4750.00,2950.85
RELIANCE,12-Mar-2024,28-Mar-2024,PE,3180.00,210.00,219.15,207.25,218.50,219.15,218.50,22.00,186.56,11.66,19000.00,2250.00,2950.85
RELIANCE,12-Mar-2024,28-Mar-2024,PE,3200.00,248.70,249.25,225.00,247.00,247.00,247.00,23.00,197.52,13.52,112750.00,-500.00,2950.85
RELIANCE,12-Mar-2024,28-Mar-2024,PE,3220.00,-,-,-,232.40,232.40,260.40,-,-,-,8500.00,-,2950.85
RELIANCE,12-Mar-2024,28-Mar-2024,PE,3240.00,-,-,-,228.55,229.00,280.10,-,-,-,46750.00,-,2950.85
RELIANCE,12-Mar-2024,28-Mar-2024,PE,3260.00,-,-,-,602.20,-,299.85,-,-,-,-,-,2950.85
RELIANCE,12-Mar-2024,28-Mar-2024,PE,3280.00,-,-,-,245.80,245.80,319.65,-,-,-,250.00,-,2950.85
RELIANCE,12-Mar-2024,28-Mar-2024,PE,3320.00,-,-,-,311.00,311.00,359.40,-,-,-,500.00,-,2950.85
RELIANCE,12-Mar-2024,28-Mar-2024,PE,3360.00,-,-,-,697.45,-,399.25,-,-,-,-,-,2950.85
RELIANCE,12-Mar-2024,28-Mar-2024,PE,3400.00,-,-,-,382.00,382.00,439.10,-,-,-,2500.00,-,2950.85
RELIANCE,13-Mar-2024,28-Mar-2024,PE,2200.00,0.05,1.20,0.05,1.15,1.20,1.15,46.00,253.11,0.11,13000.00,750.00,2864.35
RELIANCE,13-Mar-2024,28-Mar-2024,PE,2300.00,1.40,1.40,1.00,1.25,1.25,1.25,9.00,51.78,0.03,9500.00,1250.00,2864.35
RELIANCE,13-Mar-2024,28-Mar-2024,PE,2320.00,-,-,-,0.50,0.50,0.05,-,-,-,250.00,-,2864.35
RELIANCE,13-Mar-2024,28-Mar-2024,PE,2400.00,1.05,1.70,0.70,1.30,1.50,1.30,123.00,738.36,0.36,32500.00,1250.00,2864.35
RELIANCE,13-Mar-2024,28-Mar-2024,PE,2440.00,0.90,1.65,0.55,1.55,1.55,1.55,60.00,366.21,0.21,2000.00,-1500.00,2864.35
RELIANCE,13-Mar-2024,28-Mar-2024,PE,2500.00,1.25,2.55,1.20,2.30,2.45,2.30,686.00,4290.57,3.07,234250.00,-24000.00,2864.35
RELIANCE,13-Mar-2024,28-Mar-2024,PE,2520.00,-,-,-,68.00,-,0.05,-,-,-,-,-,2864.35
RELIANCE,13-Mar-2024,28-Mar-2024,PE,2540.00,1.30,4.00,0.95,2.80,4.00,2.80,9.00,57.20,0.05,4750.00,-500.00,2864.35
RELIANCE,13-Mar-2024,28-Mar-2024,PE,2560.00,-,-,-,83.00,-,0.05,-,-,-,-,-,2864.35
RELIANCE,13-Mar-2024,28-Mar-2024,PE,2580.00,-,-,-,1.40,1.40,0.10,-,-,-,500.00,-,2864.35
RELIANCE,13-Mar-2024,28-Mar-2024,PE,2600.00,1.50,4.10,1.35,3.75,3.75,3.75,1275.00,8296.50,9.00,315000.00,-10750.00,2864.35
RELIANCE,13-Mar-2024,28-Mar-2024,PE,2620.00,1.10,3.75,1.10,3.55,3.55,0.35,19.00,124.60,0.15,7250.00,1750.00,2864.35
RELIANCE,13-Mar-2024,28-Mar-2024,PE,2640.00,1.70,5.50,1.25,4.95,4.75,4.95,210.00,1388.10,2.10,37500.00,1250.00,2864.35
RELIANCE,13-Mar-2024,28-Mar-2024,PE,2660.00,2.35,6.45,1.90,5.70,5.50,5.70,469.00,3123.94,5.09,90750.00,8500.00,2864.35
RELIANCE,13-Mar-2024,28-Mar-2024,PE,2680.00,2.00,7.95,2.00,7.05,6.70,7.05,432.00,2899.80,5.40,25500.00,11000.00,2864.35
RELIANCE,13-Mar-2024,28-Mar-2024,PE,2700.00,2.60,9.85,2.35,8.50,8.20,8.50,3503.00,23695.62,50.37,589250.00,-1750.00,2864.35
RELIANCE,13-Mar-2024,28-Mar-2024,PE,2720.00,3.00,11.55,2.90,10.25,10.00,10.25,949.00,6469.59,16.39,53250.00,21000.00,2864.35
RELIANCE,13-Mar-2024,28-Mar-2024,PE,2740.00,3.40,14.65,3.15,12.65,12.00,12.65,1400.00,9618.80,28.80,86750.00,34750.00,2864.35
RELIANCE,13-Mar-2024,28-Mar-2024,PE,2760.00,4.05,18.15,3.75,16.15,14.80,16.15,2228.00,15431.16,57.96,187250.00,31750.00,2864.35
RELIANCE,13-Mar-2024,28-Mar-2024,PE,2780.00,4.50,22.55,4.20,19.65,18.35,19.65,3059.00,21356.28,96.23,162750.00,38500.00,2864.35
RELIANCE,13-Mar-2024,28-Mar-2024,PE,2800.00,6.85,27.95,5.90,24.65,23.35,24.65,10822.00,76198.17,444.17,1141000.00,150500.00,2864.35
RELIANCE,13-Mar-2024,28-Mar-2024,PE,2820.00,8.55,34.00,7.30,30.15,27.10,30.15,5572.00,39550.91,268.31,173750.00,48750.00,2864.35
RELIANCE,13-Mar-2024,28-Mar-2024,PE,2840.00,10.60,41.00,9.20,36.75,33.60,36.75,6002.00,42960.48,346.28,371500.00,44250.00,2864.35
RELIANCE,13-Mar-2024,28-Mar-2024,PE,2860.00,12.80,49.65,11.90,44.45,40.50,44.45,10448.00,75434.14,730.94,515500.00,58250.00,2864.35
RELIANCE,13-Mar-2024,28-Mar-2024,PE,2880.00,16.00,59.65,15.70,53.65,49.90,53.65,7659.00,55817.20,672.40,444250.00,32500.00,2864.35
RELIANCE,13-Mar-2024,28-Mar-2024,PE,2900.00,20.25,71.00,20.25,64.65,62.00,64.65,17514.00,128834.92,1858.42,1221500.00,-58750.00,2864.35
RELIANCE,13-Mar-2024,28-Mar-2024,PE,2920.00,31.10,83.15,26.80,76.55,71.20,76.55,12651.00,93890.25,1537.95,267500.00,61750.00,2864.35
RELIANCE,13-Mar-2024,28-Mar-2024,PE,2940.00,36.55,97.40,34.65,90.50,84.45,90.50,11107.00,83069.23,1432.78,420750.00,61500.00,2864.35
RELIANCE,13-Mar-2024,28-Mar-2024,PE,2960.00,45.05,111.40,43.50,104.90,96.85,104.90,6447.00,48708.73,1000.93,342000.00,-139750.00,2864.35
RELIANCE,13-Mar-2024,28-Mar-2024,PE,2980.00,55.25,126.95,53.80,118.20,114.50,118.20,2549.00,19496.96,506.91,399750.00,-67750.00,2864.35
RELIANCE,13-Mar-2024,28-Mar-2024,PE,3000.00,66.95,143.60,66.00,135.40,130.05,135.40,3264.00,25284.67,804.67,800000.00,-157750.00,2864.35
RELIANCE,13-Mar-2024,28-Mar-2024,PE,3020.00,79.85,156.30,79.85,151.80,147.30,151.80,346.00,2711.90,99.60,115750.00,-16750.00,2864.35
RELIANCE,13-Mar-2024,28-Mar-2024,PE,3040.00,95.85,170.00,95.85,168.55,168.50,168.55,200.00,1581.87,61.87,97500.00,8750.00,2864.35
RELIANCE,13-Mar-2024,28-Mar-2024,PE,3060.00,111.85,191.70,107.75,187.25,184.30,187.25,112.00,894.43,37.63,42500.00,-1000.00,2864.35
RELIANCE,13-Mar-2024,28-Mar-2024,PE,3080.00,136.95,211.60,133.90,206.40,211.60,206.40,26.00,210.97,10.77,60250.00,1000.00,2864.35
RELIANCE,13-Mar-2024,28-Mar-2024,PE,3100.00,141.20,232.05,141.20,225.90,225.00,225.90,165.00,1352.93,74.18,222750.00,-11750.00,2864.35
RELIANCE,13-Mar-2024,28-Mar-2024,PE,3120.00,170.35,249.55,167.20,243.80,249.55,243.80,43.00,356.49,21.09,44750.00,-3750.00,2864.35
RELIANCE,13-Mar-2024,28-Mar-2024,PE,3140.00,191.35,230.15,185.55,228.65,228.65,267.40,12.00,100.37,6.17,46750.00,-,2864.35
RELIANCE,13-Mar-2024,28-Mar-2024,PE,3160.00,209.15,283.25,204.40,282.65,283.25,282.65,14.00,118.50,7.90,40250.00,-250.00,2864.35
RELIANCE,13-Mar-2024,28-Mar-2024,PE,3180.00,233.95,303.00,233.95,303.00,303.00,303.00,6.00,51.68,3.98,18500.00,-500.00,2864.35
RELIANCE,13-Mar-2024,28-Mar-2024,PE,3200.00,243.15,322.15,243.15,320.35,318.00,320.35,31.00,270.40,22.40,110250.00,-2500.00,2864.35
RELIANCE,13-Mar-2024,28-Mar-2024,PE,3220.00,-,-,-,232.40,232.40,346.80,-,-,-,8500.00,-,2864.35
RELIANCE,13-Mar-2024,28-Mar-2024,PE,3240.00,-,-,-,228.55,229.00,366.70,-,-,-,46750.00,-,2864.35
RELIANCE,13-Mar-2024,28-Mar-2024,PE,3260.00,-,-,-,602.20,-,386.65,-,-,-,-,-,2864.35
RELIANCE,13-Mar-2024,28-Mar-2024,PE,3280.00,-,-,-,245.80,245.80,406.60,-,-,-,250.00,-,2864.35
RELIANCE,13-Mar-2024,28-Mar-2024,PE,3320.00,-,-,-,311.00,311.00,446.45,-,-,-,500.00,-,2864.35
RELIANCE,13-Mar-2024,28-Mar-2024,PE,3360.00,-,-,-,697.45,-,486.35,-,-,-,-,-,2864.35
RELIANCE,13-Mar-2024,28-Mar-2024,PE,3400.00,459.80,459.80,437.75,437.75,437.75,526.25,2.00,19.24,2.24,2500.00,-,2864.35
RELIANCE,14-Mar-2024,28-Mar-2024,PE,2200.00,1.15,1.15,0.45,0.55,0.50,0.55,71.00,390.62,0.12,16750.00,3750.00,2862.95
RELIANCE,14-Mar-2024,28-Mar-2024,PE,2300.00,1.25,1.25,0.70,0.90,0.95,0.90,21.00,120.79,0.04,8250.00,-1250.00,2862.95
RELIANCE,14-Mar-2024,28-Mar-2024,PE,2320.00,-,-,-,0.50,0.50,0.05,-,-,-,250.00,-,2862.95
RELIANCE,14-Mar-2024,28-Mar-2024,PE,2400.00,1.40,1.40,0.85,1.30,1.30,1.30,21.00,126.06,0.06,32750.00,250.00,2862.95
RELIANCE,14-Mar-2024,28-Mar-2024,PE,2440.00,1.55,1.95,1.10,1.40,1.40,1.40,38.00,231.93,0.13,4000.00,2000.00,2862.95
RELIANCE,14-Mar-2024,28-Mar-2024,PE,2480.00,-,-,-,54.90,-,0.05,-,-,-,-,-,2862.95
RELIANCE,14-Mar-2024,28-Mar-2024,PE,2500.00,2.35,2.35,1.20,1.45,1.55,1.45,694.00,4340.39,2.89,254250.00,20000.00,2862.95
RELIANCE,14-Mar-2024,28-Mar-2024,PE,2520.00,-,-,-,68.00,-,0.05,-,-,-,-,-,2862.95
RELIANCE,14-Mar-2024,28-Mar-2024,PE,2540.00,2.80,2.80,1.35,1.60,1.35,1.60,12.00,76.25,0.05,4000.00,-750.00,2862.95
RELIANCE,14-Mar-2024,28-Mar-2024,PE,2560.00,-,-,-,83.00,-,0.05,-,-,-,-,-,2862.95
RELIANCE,14-Mar-2024,28-Mar-2024,PE,2580.00,-,-,-,1.40,1.40,0.05,-,-,-,500.00,-,2862.95
RELIANCE,14-Mar-2024,28-Mar-2024,PE,2600.00,3.75,3.75,2.05,2.40,2.40,2.40,1332.00,8667.53,9.53,304500.00,-10500.00,2862.95
RELIANCE,14-Mar-2024,28-Mar-2024,PE,2620.00,3.60,4.10,2.40,2.75,2.50,2.75,113.00,741.03,0.88,7750.00,500.00,2862.95
RELIANCE,14-Mar-2024,28-Mar-2024,PE,2640.00,5.05,5.05,2.65,3.30,2.80,3.30,746.00,4930.57,6.97,46750.00,9250.00,2862.95
RELIANCE,14-Mar-2024,28-Mar-2024,PE,2660.00,5.45,5.70,3.00,3.70,3.60,3.70,584.00,3889.75,6.15,110500.00,19750.00,2862.95
RELIANCE,14-Mar-2024,28-Mar-2024,PE,2680.00,7.25,7.25,3.70,4.65,4.45,4.65,756.00,5074.99,9.79,34750.00,9250.00,2862.95
RELIANCE,14-Mar-2024,28-Mar-2024,PE,2700.00,7.50,8.70,4.55,5.90,5.80,5.90,4184.00,28311.24,69.24,664750.00,75500.00,2862.95
RELIANCE,14-Mar-2024,28-Mar-2024,PE,2720.00,9.05,10.60,5.60,7.50,6.90,7.50,1904.00,12984.50,37.30,37500.00,-15750.00,2862.95
RELIANCE,14-Mar-2024,28-Mar-2024,PE,2740.00,10.25,13.20,7.05,9.40,8.60,9.40,1989.00,13672.32,47.67,93500.00,6750.00,2862.95
RELIANCE,14-Mar-2024,28-Mar-2024,PE,2760.00,13.95,16.70,9.05,12.00,11.00,12.00,3031.00,21008.68,94.78,180500.00,-6750.00,2862.95
RELIANCE,14-Mar-2024,28-Mar-2024,PE,2780.00,17.45,20.70,11.45,15.00,13.80,15.00,3619.00,25292.23,140.18,121250.00,-41500.00,2862.95
RELIANCE,14-Mar-2024,28-Mar-2024,PE,2800.00,22.05,26.00,14.80,19.10,17.95,19.10,11851.00,83543.45,586.45,1050500.00,-90500.00,2862.95
RELIANCE,14-Mar-2024,28-Mar-2024,PE,2820.00,26.35,31.70,18.60,24.75,22.15,24.75,5672.00,40327.91,340.31,148000.00,-25750.00,2862.95
RELIANCE,14-Mar-2024,28-Mar-2024,PE,2840.00,32.95,38.70,23.45,30.80,28.00,30.80,7120.00,51088.79,536.79,388500.00,17000.00,2862.95
RELIANCE,14-Mar-2024,28-Mar-2024,PE,2860.00,39.75,47.30,29.70,38.25,35.50,38.25,13410.00,97124.50,1243.00,610750.00,95250.00,2862.95
RELIANCE,14-Mar-2024,28-Mar-2024,PE,2880.00,48.15,57.50,37.15,47.85,43.55,47.85,11219.00,82047.04,1270.24,499500.00,55250.00,2862.95
RELIANCE,14-Mar-2024,28-Mar-2024,PE,2900.00,62.00,68.70,46.40,57.80,54.30,57.80,11815.00,87281.55,1622.80,1111750.00,-109750.00,2862.95
RELIANCE,14-Mar-2024,28-Mar-2024,PE,2920.00,70.45,80.85,57.00,68.55,67.10,68.55,2248.00,16779.35,368.95,207500.00,-60000.00,2862.95
RELIANCE,14-Mar-2024,28-Mar-2024,PE,2940.00,82.45,94.00,68.90,80.65,80.15,80.65,2236.00,16866.85,432.25,263000.00,-157750.00,2862.95
RELIANCE,14-Mar-2024,28-Mar-2024,PE,2960.00,94.90,109.60,82.00,97.55,93.00,97.55,711.00,5428.15,166.75,340750.00,-1250.00,2862.95
RELIANCE,14-Mar-2024,28-Mar-2024,PE,2980.00,107.05,125.00,96.60,110.95,105.30,110.95,411.00,3172.23,110.28,395500.00,-4250.00,2862.95
RELIANCE,14-Mar-2024,28-Mar-2024,PE,3000.00,127.00,142.45,112.95,127.35,126.60,127.35,857.00,6695.43,267.93,763500.00,-36500.00,2862.95
RELIANCE,14-Mar-2024,28-Mar-2024,PE,3020.00,148.40,158.45,130.15,149.05,141.15,149.05,134.00,1059.72,48.02,120000.00,4250.00,2862.95
RELIANCE,14-Mar-2024,28-Mar-2024,PE,3040.00,160.80,176.35,147.90,173.75,165.00,173.75,187.00,1497.06,75.86,119250.00,21750.00,2862.95
RELIANCE,14-Mar-2024,28-Mar-2024,PE,3060.00,178.55,192.85,163.20,189.90,184.00,189.90,98.00,792.44,42.74,42750.00,250.00,2862.95
RELIANCE,14-Mar-2024,28-Mar-2024,PE,3080.00,196.95,208.40,183.55,197.80,196.55,197.80,34.00,278.32,16.52,60250.00,-,2862.95
RELIANCE,14-Mar-2024,28-Mar-2024,PE,3100.00,205.00,230.00,205.00,220.75,217.35,220.75,48.00,397.65,25.65,217750.00,-5000.00,2862.95
RELIANCE,14-Mar-2024,28-Mar-2024,PE,3120.00,236.05,236.05,226.05,226.05,226.05,249.50,9.00,75.44,5.24,44500.00,-250.00,2862.95
RELIANCE,14-Mar-2024,28-Mar-2024,PE,3140.00,-,-,-,228.65,228.65,269.25,-,-,-,46750.00,-,2862.95
RELIANCE,14-Mar-2024,28-Mar-2024,PE,3160.00,290.05,290.05,289.90,289.90,289.90,289.10,2.00,17.25,1.45,40000.00,-250.00,2862.95
RELIANCE,14-Mar-2024,28-Mar-2024,PE,3180.00,-,-,-,303.00,303.00,308.95,-,-,-,18500.00,-,2862.95
RELIANCE,14-Mar-2024,28-Mar-2024,PE,3200.00,310.00,327.00,300.00,320.80,320.00,320.80,30.00,263.46,23.46,105750.00,-4500.00,2862.95
RELIANCE,14-Mar-2024,28-Mar-2024,PE,3220.00,-,-,-,232.40,232.40,348.75,-,-,-,8500.00,-,2862.95
RELIANCE,14-Mar-2024,28-Mar-2024,PE,3240.00,-,-,-,228.55,229.00,368.70,-,-,-,46750.00,-,2862.95
RELIANCE,14-Mar-2024,28-Mar-2024,PE,3260.00,-,-,-,602.20,-,388.65,-,-,-,-,-,2862.95
RELIANCE,14-Mar-2024,28-Mar-2024,PE,3280.00,-,-,-,245.80,245.80,408.55,-,-,-,250.00,-,2862.95
RELIANCE,14-Mar-2024,28-Mar-2024,PE,3320.00,449.00,449.00,430.00,430.00,430.00,448.45,2.00,18.80,2.20,500.00,-,2862.95
RELIANCE,14-Mar-2024,28-Mar-2024,PE,3360.00,485.80,486.80,472.55,486.80,486.80,488.35,3.00,28.81,3.61,250.00,250.00,2862.95
RELIANCE,14-Mar-2024,28-Mar-2024,PE,3400.00,540.75,540.75,502.25,508.20,508.20,528.25,5.00,48.96,6.46,3000.00,500.00,2862.95
RELIANCE,15-Mar-2024,28-Mar-2024,PE,2200.00,0.55,1.00,0.40,0.45,0.40,0.45,21.00,115.54,0.04,18250.00,1500.00,2836.45
RELIANCE,15-Mar-2024,28-Mar-2024,PE,2300.00,0.90,0.90,0.90,0.90,0.90,0.05,7.00,40.27,0.02,8750.00,500.00,2836.45
RELIANCE,15-Mar-2024,28-Mar-2024,PE,2320.00,-,-,-,0.50,0.50,0.05,-,-,-,250.00,-,2836.45
RELIANCE,15-Mar-2024,28-Mar-2024,PE,2400.00,1.40,1.40,0.60,1.00,1.05,1.00,65.00,390.16,0.16,37500.00,4750.00,2836.45
RELIANCE,15-Mar-2024,28-Mar-2024,PE,2440.00,1.30,1.40,1.10,1.40,1.40,0.05,8.00,48.82,0.02,3750.00,-250.00,2836.45
RELIANCE,15-Mar-2024,28-Mar-2024,PE,2480.00,-,-,-,54.90,-,0.05,-,-,-,-,-,2836.45
RELIANCE,15-Mar-2024,28-Mar-2024,PE,2500.00,1.20,1.75,0.95,1.25,1.45,1.25,716.00,4477.34,2.34,209500.00,-44750.00,2836.45
RELIANCE,15-Mar-2024,28-Mar-2024,PE,2520.00,-,-,-,68.00,-,0.05,-,-,-,-,-,2836.45
RELIANCE,15-Mar-2024,28-Mar-2024,PE,2540.00,2.05,2.15,1.40,1.55,1.55,1.55,31.00,196.97,0.12,5750.00,1750.00,2836.45
RELIANCE,15-Mar-2024,28-Mar-2024,PE,2560.00,-,-,-,83.00,-,0.05,-,-,-,-,-,2836.45
RELIANCE,15-Mar-2024,28-Mar-2024,PE,2580.00,-,-,-,1.40,1.40,0.10,-,-,-,500.00,-,2836.45
RELIANCE,15-Mar-2024,28-Mar-2024,PE,2600.00,2.65,3.25,1.70,2.10,2.15,2.10,2042.00,13285.18,12.18,350750.00,46250.00,2836.45
RELIANCE,15-Mar-2024,28-Mar-2024,PE,2620.00,3.25,3.35,1.85,2.40,2.60,2.40,276.00,1809.68,1.88,16750.00,9000.00,2836.45
RELIANCE,15-Mar-2024,28-Mar-2024,PE,2640.00,3.25,4.00,2.10,2.80,2.90,2.80,476.00,3145.45,3.85,49250.00,2500.00,2836.45
RELIANCE,15-Mar-2024,28-Mar-2024,PE,2660.00,4.25,4.85,2.60,3.45,3.40,3.45,651.00,4335.58,6.43,124500.00,14000.00,2836.45
RELIANCE,15-Mar-2024,28-Mar-2024,PE,2680.00,4.30,6.25,3.25,4.20,4.35,4.20,1083.00,7269.11,13.01,49000.00,14250.00,2836.45
RELIANCE,15-Mar-2024,28-Mar-2024,PE,2700.00,6.50,8.05,4.15,5.70,5.65,5.70,4992.00,33776.44,80.44,684000.00,19250.00,2836.45
RELIANCE,15-Mar-2024,28-Mar-2024,PE,2720.00,8.05,10.20,5.45,7.30,7.25,7.30,2180.00,14868.68,44.68,108500.00,71000.00,2836.45
RELIANCE,15-Mar-2024,28-Mar-2024,PE,2740.00,9.65,13.10,7.35,9.45,9.35,9.45,3152.00,21673.52,82.32,148250.00,54750.00,2836.45
RELIANCE,15-Mar-2024,28-Mar-2024,PE,2760.00,12.15,16.90,9.95,12.65,12.30,12.65,4156.00,28820.92,144.52,214250.00,33750.00,2836.45
RELIANCE,15-Mar-2024,28-Mar-2024,PE,2780.00,15.05,21.95,13.40,16.75,16.85,16.75,4106.00,28723.00,186.30,116500.00,-4750.00,2836.45
RELIANCE,15-Mar-2024,28-Mar-2024,PE,2800.00,20.50,28.05,18.15,22.50,21.90,22.50,12228.00,86317.96,721.96,852500.00,-198000.00,2836.45
RELIANCE,15-Mar-2024,28-Mar-2024,PE,2820.00,28.20,35.10,24.00,29.55,29.05,29.55,4624.00,32945.95,346.75,183250.00,35250.00,2836.45
RELIANCE,15-Mar-2024,28-Mar-2024,PE,2840.00,34.35,43.60,31.30,37.40,37.85,37.40,10123.00,72830.56,957.26,542750.00,154250.00,2836.45
RELIANCE,15-Mar-2024,28-Mar-2024,PE,2860.00,39.85,53.60,34.60,47.35,46.25,47.35,10283.00,74731.63,1208.18,668250.00,57500.00,2836.45
RELIANCE,15-Mar-2024,28-Mar-2024,PE,2880.00,50.00,66.00,49.55,58.85,58.00,58.85,3355.00,24635.09,479.09,454250.00,-45250.00,2836.45
RELIANCE,15-Mar-2024,28-Mar-2024,PE,2900.00,63.05,79.70,60.50,74.15,71.00,74.15,5543.00,41162.20,975.45,907500.00,-204250.00,2836.45
RELIANCE,15-Mar-2024,28-Mar-2024,PE,2920.00,79.55,94.45,73.20,86.45,88.85,86.45,770.00,5781.96,160.96,193750.00,-13750.00,2836.45
RELIANCE,15-Mar-2024,28-Mar-2024,PE,2940.00,89.45,108.65,86.65,101.70,102.90,101.70,551.00,4184.66,134.81,217500.00,-45500.00,2836.45
RELIANCE,15-Mar-2024,28-Mar-2024,PE,2960.00,104.80,126.40,102.10,120.10,119.65,120.10,460.00,3534.16,130.16,330250.00,-10500.00,2836.45
RELIANCE,15-Mar-2024,28-Mar-2024,PE,2980.00,121.25,142.40,119.00,138.80,137.70,138.80,263.00,2047.46,88.11,385000.00,-10500.00,2836.45
RELIANCE,15-Mar-2024,28-Mar-2024,PE,3000.00,137.50,162.00,135.75,156.70,155.00,156.70,909.00,7155.30,337.80,687000.00,-76500.00,2836.45
RELIANCE,15-Mar-2024,28-Mar-2024,PE,3020.00,161.00,179.95,155.00,177.85,175.00,177.85,58.00,462.38,24.48,126250.00,6250.00,2836.45
RELIANCE,15-Mar-2024,28-Mar-2024,PE,3040.00,177.20,198.45,176.35,189.50,198.45,189.50,78.00,628.22,35.42,107250.00,-12000.00,2836.45
RELIANCE,15-Mar-2024,28-Mar-2024,PE,3060.00,196.05,216.85,193.10,212.20,212.30,212.20,43.00,350.91,21.96,42000.00,-750.00,2836.45
RELIANCE,15-Mar-2024,28-Mar-2024,PE,3080.00,-,-,-,197.80,196.55,236.70,-,-,-,60250.00,-,2836.45
RELIANCE,15-Mar-2024,28-Mar-2024,PE,3100.00,233.20,257.00,233.10,254.45,256.00,254.45,57.00,477.15,35.40,209250.00,-8500.00,2836.45
RELIANCE,15-Mar-2024,28-Mar-2024,PE,3120.00,254.05,265.55,254.05,260.20,260.20,276.25,3.00,25.35,1.95,44500.00,-,2836.45
RELIANCE,15-Mar-2024,28-Mar-2024,PE,3140.00,-,-,-,228.65,228.65,296.10,-,-,-,46750.00,-,2836.45
RELIANCE,15-Mar-2024,28-Mar-2024,PE,3160.00,-,-,-,289.90,289.90,316.00,-,-,-,40000.00,-,2836.45
RELIANCE,15-Mar-2024,28-Mar-2024,PE,3180.00,-,-,-,303.00,303.00,335.95,-,-,-,18500.00,-,2836.45
RELIANCE,15-Mar-2024,28-Mar-2024,PE,3200.00,334.00,334.00,334.00,334.00,334.00,355.90,4.00,35.34,3.34,104750.00,-1000.00,2836.45
RELIANCE,15-Mar-2024,28-Mar-2024,PE,3220.00,-,-,-,232.40,232.40,375.85,-,-,-,8500.00,-,2836.45
RELIANCE,15-Mar-2024,28-Mar-2024,PE,3240.00,-,-,-,228.55,229.00,395.75,-,-,-,46750.00,-,2836.45
RELIANCE,15-Mar-2024,28-Mar-2024,PE,3260.00,-,-,-,602.20,-,415.70,-,-,-,-,-,2836.45
RELIANCE,15-Mar-2024,28-Mar-2024,PE,3280.00,-,-,-,245.80,245.80,435.70,-,-,-,250.00,-,2836.45
RELIANCE,15-Mar-2024,28-Mar-2024,PE,3320.00,-,-,-,430.00,430.00,475.60,-,-,-,500.00,-,2836.45
RELIANCE,15-Mar-2024,28-Mar-2024,PE,3360.00,-,-,-,486.80,486.80,515.50,-,-,-,250.00,-,2836.45
RELIANCE,15-Mar-2024,28-Mar-2024,PE,3400.00,-,-,-,508.20,508.20,555.40,-,-,-,3000.00,-,2836.45
RELIANCE,18-Mar-2024,28-Mar-2024,PE,2200.00,0.45,0.50,0.45,0.50,0.50,0.50,5.00,27.51,0.01,18000.00,-250.00,2878.95
RELIANCE,18-Mar-2024,28-Mar-2024,PE,2300.00,0.90,0.90,0.60,0.60,0.60,0.60,20.00,115.04,0.04,7000.00,-1750.00,2878.95
RELIANCE,18-Mar-2024,28-Mar-2024,PE,2320.00,0.50,0.65,0.50,0.65,0.65,0.65,3.00,17.40,-,1000.00,750.00,2878.95
RELIANCE,18-Mar-2024,28-Mar-2024,PE,2400.00,0.80,0.80,0.40,0.60,0.60,0.05,17.00,102.03,0.03,37500.00,-,2878.95
RELIANCE,18-Mar-2024,28-Mar-2024,PE,2440.00,0.35,0.70,0.35,0.70,0.70,0.05,2.00,12.20,-,3500.00,-250.00,2878.95
RELIANCE,18-Mar-2024,28-Mar-2024,PE,2480.00,-,-,-,54.90,-,0.05,-,-,-,-,-,2878.95
RELIANCE,18-Mar-2024,28-Mar-2024,PE,2500.00,1.45,1.45,0.75,0.85,0.90,0.85,284.00,1775.64,0.64,199750.00,-9750.00,2878.95
RELIANCE,18-Mar-2024,28-Mar-2024,PE,2520.00,-,-,-,68.00,-,0.05,-,-,-,-,-,2878.95
RELIANCE,18-Mar-2024,28-Mar-2024,PE,2540.00,1.25,1.35,0.90,0.90,0.90,0.05,12.00,76.23,0.03,6000.00,250.00,2878.95
RELIANCE,18-Mar-2024,28-Mar-2024,PE,2560.00,-,-,-,83.00,-,0.05,-,-,-,-,-,2878.95
RELIANCE,18-Mar-2024,28-Mar-2024,PE,2580.00,1.00,1.00,1.00,1.00,1.00,0.05,1.00,6.45,-,500.00,-,2878.95
RELIANCE,18-Mar-2024,28-Mar-2024,PE,2600.00,2.15,2.15,0.95,1.15,1.80,1.15,1101.00,7160.27,3.77,296000.00,-54750.00,2878.95
RELIANCE,18-Mar-2024,28-Mar-2024,PE,2620.00,2.00,2.30,1.20,1.55,1.55,1.55,104.00,681.63,0.43,21000.00,4250.00,2878.95
RELIANCE,18-Mar-2024,28-Mar-2024,PE,2640.00,2.85,2.85,0.75,0.75,0.75,0.75,114.00,752.98,0.58,48750.00,-500.00,2878.95
RELIANCE,18-Mar-2024,28-Mar-2024,PE,2660.00,3.25,3.50,1.35,1.45,1.60,1.45,341.00,2269.46,1.81,129000.00,4500.00,2878.95
RELIANCE,18-Mar-2024,28-Mar-2024,PE,2680.00,4.20,4.50,1.65,1.75,1.70,1.75,525.00,3521.47,3.97,40000.00,-9000.00,2878.95
RELIANCE,18-Mar-2024,28-Mar-2024,PE,2700.00,5.50,5.95,2.10,2.20,2.20,2.20,2861.00,19337.67,25.92,608000.00,-76000.00,2878.95
RELIANCE,18-Mar-2024,28-Mar-2024,PE,2720.00,6.90,7.70,2.65,2.80,2.70,2.80,1963.00,13369.36,20.96,93000.00,-15500.00,2878.95
RELIANCE,18-Mar-2024,28-Mar-2024,PE,2740.00,9.00,10.30,3.45,3.65,3.50,3.65,5664.00,38890.22,91.82,182000.00,33750.00,2878.95
RELIANCE,18-Mar-2024,28-Mar-2024,PE,2760.00,11.35,13.60,4.50,4.95,4.85,4.95,5992.00,41473.16,128.36,305000.00,90750.00,2878.95
RELIANCE,18-Mar-2024,28-Mar-2024,PE,2780.00,15.20,18.20,6.50,6.95,6.85,6.95,5692.00,39722.38,162.98,195500.00,79000.00,2878.95
RELIANCE,18-Mar-2024,28-Mar-2024,PE,2800.00,20.85,24.10,9.25,9.95,10.00,9.95,11430.00,80454.12,444.12,930500.00,78000.00,2878.95
RELIANCE,18-Mar-2024,28-Mar-2024,PE,2820.00,29.55,31.10,12.95,13.85,13.00,13.85,6425.00,45630.48,334.23,240500.00,57250.00,2878.95
RELIANCE,18-Mar-2024,28-Mar-2024,PE,2840.00,36.90,39.65,17.75,18.95,19.00,18.95,11843.00,84905.88,820.58,577750.00,35000.00,2878.95
RELIANCE,18-Mar-2024,28-Mar-2024,PE,2860.00,44.25,49.90,24.30,25.80,25.95,25.80,10360.00,74977.41,903.41,708000.00,39750.00,2878.95
RELIANCE,18-Mar-2024,28-Mar-2024,PE,2880.00,55.75,61.35,32.60,34.65,34.50,34.65,4935.00,36052.93,520.93,511000.00,56750.00,2878.95
RELIANCE,18-Mar-2024,28-Mar-2024,PE,2900.00,69.00,75.10,43.00,44.95,45.95,44.95,4777.00,35309.34,676.09,786750.00,-120750.00,2878.95
RELIANCE,18-Mar-2024,28-Mar-2024,PE,2920.00,86.45,89.85,54.75,57.05,56.90,57.05,828.00,6187.21,142.81,221250.00,27500.00,2878.95
RELIANCE,18-Mar-2024,28-Mar-2024,PE,2940.00,98.40,102.30,68.10,71.60,69.20,71.60,410.00,3096.49,82.98,212000.00,-5500.00,2878.95
RELIANCE,18-Mar-2024,28-Mar-2024,PE,2960.00,115.95,120.00,83.80,86.65,86.25,86.65,367.00,2811.80,96.00,329250.00,-1000.00,2878.95
RELIANCE,18-Mar-2024,28-Mar-2024,PE,2980.00,133.95,137.45,100.90,103.75,104.80,103.75,146.00,1128.92,41.22,382000.00,-3000.00,2878.95
RELIANCE,18-Mar-2024,28-Mar-2024,PE,3000.00,152.95,160.00,119.65,122.65,123.00,122.65,433.00,3398.09,150.59,662500.00,-24500.00,2878.95
RELIANCE,18-Mar-2024,28-Mar-2024,PE,3020.00,171.45,173.45,139.10,139.85,139.10,139.85,39.00,309.54,15.09,121500.00,-4750.00,2878.95
RELIANCE,18-Mar-2024,28-Mar-2024,PE,3040.00,186.05,189.75,157.00,159.65,160.80,159.65,66.00,530.60,29.00,99500.00,-7750.00,2878.95
RELIANCE,18-Mar-2024,28-Mar-2024,PE,3060.00,200.75,200.75,176.15,178.50,178.50,178.50,17.00,137.81,7.76,38000.00,-4000.00,2878.95
RELIANCE,18-Mar-2024,28-Mar-2024,PE,3080.00,214.00,214.00,214.00,214.00,214.00,196.05,1.00,8.23,0.54,60250.00,-,2878.95
RELIANCE,18-Mar-2024,28-Mar-2024,PE,3100.00,242.00,251.40,215.65,215.65,215.65,215.65,30.00,250.03,17.53,208000.00,-1250.00,2878.95
RELIANCE,18-Mar-2024,28-Mar-2024,PE,3120.00,265.40,272.80,265.40,272.80,272.80,235.50,2.00,16.95,1.35,44500.00,-,2878.95
RELIANCE,18-Mar-2024,28-Mar-2024,PE,3140.00,-,-,-,228.65,228.65,255.35,-,-,-,46750.00,-,2878.95
RELIANCE,18-Mar-2024,28-Mar-2024,PE,3160.00,306.00,306.00,306.00,306.00,306.00,275.25,1.00,8.66,0.77,39750.00,-250.00,2878.95
RELIANCE,18-Mar-2024,28-Mar-2024,PE,3180.00,-,-,-,303.00,303.00,295.20,-,-,-,18500.00,-,2878.95
RELIANCE,18-Mar-2024,28-Mar-2024,PE,3200.00,336.45,339.55,316.50,316.50,316.50,315.15,6.00,52.96,4.96,103250.00,-1500.00,2878.95
RELIANCE,18-Mar-2024,28-Mar-2024,PE,3220.00,-,-,-,232.40,232.40,335.10,-,-,-,8500.00,-,2878.95
RELIANCE,18-Mar-2024,28-Mar-2024,PE,3240.00,-,-,-,228.55,229.00,355.05,-,-,-,46750.00,-,2878.95
RELIANCE,18-Mar-2024,28-Mar-2024,PE,3260.00,-,-,-,602.20,-,375.05,-,-,-,-,-,2878.95
RELIANCE,18-Mar-2024,28-Mar-2024,PE,3280.00,-,-,-,245.80,245.80,395.00,-,-,-,250.00,-,2878.95
RELIANCE,18-Mar-2024,28-Mar-2024,PE,3320.00,-,-,-,430.00,430.00,434.90,-,-,-,500.00,-,2878.95
RELIANCE,18-Mar-2024,28-Mar-2024,PE,3360.00,-,-,-,486.80,486.80,474.85,-,-,-,250.00,-,2878.95
RELIANCE,18-Mar-2024,28-Mar-2024,PE,3400.00,-,-,-,508.20,508.20,514.75,-,-,-,3000.00,-,2878.95
RELIANCE,19-Mar-2024,28-Mar-2024,PE,2200.00,0.50,1.20,0.50,0.65,0.65,0.05,13.00,71.52,0.02,20500.00,2500.00,2850.50
RELIANCE,19-Mar-2024,28-Mar-2024,PE,2300.00,0.50,0.50,0.50,0.50,0.50,0.05,4.00,23.00,0.01,6750.00,-250.00,2850.50
RELIANCE,19-Mar-2024,28-Mar-2024,PE,2320.00,0.65,0.85,0.65,0.85,0.85,0.05,13.00,75.42,0.02,3250.00,2250.00,2850.50
RELIANCE,19-Mar-2024,28-Mar-2024,PE,2400.00,-,-,-,0.60,0.60,0.05,-,-,-,37500.00,-,2850.50
RELIANCE,19-Mar-2024,28-Mar-2024,PE,2440.00,0.75,1.60,0.75,0.95,0.95,0.95,12.00,73.24,0.04,5250.00,1750.00,2850.50
RELIANCE,19-Mar-2024,28-Mar-2024,PE,2480.00,-,-,-,54.90,-,0.05,-,-,-,-,-,2850.50
RELIANCE,19-Mar-2024,28-Mar-2024,PE,2500.00,0.85,1.20,0.75,0.80,0.75,0.80,196.00,1225.44,0.44,203000.00,3250.00,2850.50
RELIANCE,19-Mar-2024,28-Mar-2024,PE,2520.00,-,-,-,68.00,-,0.05,-,-,-,-,-,2850.50
RELIANCE,19-Mar-2024,28-Mar-2024,PE,2540.00,-,-,-,0.90,0.90,0.05,-,-,-,6000.00,-,2850.50
RELIANCE,19-Mar-2024,28-Mar-2024,PE,2560.00,-,-,-,83.00,-,0.05,-,-,-,-,-,2850.50
RELIANCE,19-Mar-2024,28-Mar-2024,PE,2580.00,-,-,-,1.00,1.00,0.05,-,-,-,500.00,-,2850.50
RELIANCE,19-Mar-2024,28-Mar-2024,PE,2600.00,1.30,1.65,0.90,1.00,1.05,1.00,490.00,3186.40,1.40,303500.00,7500.00,2850.50
RELIANCE,19-Mar-2024,28-Mar-2024,PE,2620.00,1.60,1.60,0.90,1.00,1.10,1.00,500.00,3276.55,1.55,97000.00,76000.00,2850.50
RELIANCE,19-Mar-2024,28-Mar-2024,PE,2640.00,1.40,1.75,1.05,1.15,1.25,1.15,157.00,1036.72,0.52,47250.00,-1500.00,2850.50
RELIANCE,19-Mar-2024,28-Mar-2024,PE,2660.00,1.45,2.20,1.25,1.45,1.40,1.45,918.00,6109.01,4.31,47250.00,-81750.00,2850.50
RELIANCE,19-Mar-2024,28-Mar-2024,PE,2680.00,1.75,2.80,1.55,1.80,1.90,1.80,433.00,2903.53,2.43,39000.00,-1000.00,2850.50
RELIANCE,19-Mar-2024,28-Mar-2024,PE,2700.00,2.40,3.65,1.95,2.35,2.45,2.35,3126.00,21122.13,21.63,599000.00,-9000.00,2850.50
RELIANCE,19-Mar-2024,28-Mar-2024,PE,2720.00,3.50,4.75,2.40,2.90,2.95,2.90,2128.00,14490.63,20.23,206250.00,113250.00,2850.50
RELIANCE,19-Mar-2024,28-Mar-2024,PE,2740.00,3.75,6.75,3.30,4.05,4.00,4.05,9217.00,63250.17,113.72,297500.00,115500.00,2850.50
RELIANCE,19-Mar-2024,28-Mar-2024,PE,2760.00,5.45,9.50,4.70,5.65,5.70,5.65,6225.00,43061.22,108.72,343500.00,38500.00,2850.50
RELIANCE,19-Mar-2024,28-Mar-2024,PE,2780.00,7.95,13.50,6.90,8.65,8.50,8.65,6674.00,46552.25,167.95,211500.00,16000.00,2850.50
RELIANCE,19-Mar-2024,28-Mar-2024,PE,2800.00,10.55,19.00,9.35,13.00,13.00,13.00,13387.00,94184.02,475.02,864500.00,-66000.00,2850.50
RELIANCE,19-Mar-2024,28-Mar-2024,PE,2820.00,14.00,25.95,13.55,18.85,18.60,18.85,10847.00,77016.69,545.34,230750.00,-9750.00,2850.50
RELIANCE,19-Mar-2024,28-Mar-2024,PE,2840.00,21.70,34.75,18.75,26.60,26.60,26.60,14625.00,104833.69,996.19,620750.00,43000.00,2850.50
RELIANCE,19-Mar-2024,28-Mar-2024,PE,2860.00,29.85,45.00,25.85,36.20,36.30,36.20,13309.00,96354.99,1195.64,673750.00,-34250.00,2850.50
RELIANCE,19-Mar-2024,28-Mar-2024,PE,2880.00,39.95,57.35,34.10,48.25,48.60,48.25,3131.00,22908.04,364.84,491250.00,-19750.00,2850.50
RELIANCE,19-Mar-2024,28-Mar-2024,PE,2900.00,48.05,71.50,45.65,62.25,61.40,62.25,2590.00,19175.41,397.91,767500.00,-19250.00,2850.50
RELIANCE,19-Mar-2024,28-Mar-2024,PE,2920.00,61.55,86.45,60.60,77.00,77.60,77.00,681.00,5098.84,127.54,188250.00,-33000.00,2850.50
RELIANCE,19-Mar-2024,28-Mar-2024,PE,2940.00,75.80,103.10,72.00,93.20,93.90,93.20,388.00,2939.58,87.78,201500.00,-10500.00,2850.50
RELIANCE,19-Mar-2024,28-Mar-2024,PE,2960.00,95.15,120.55,90.55,111.10,111.80,111.10,153.00,1173.10,40.90,323250.00,-6000.00,2850.50
RELIANCE,19-Mar-2024,28-Mar-2024,PE,2980.00,121.35,139.20,119.70,129.75,130.15,129.75,33.00,256.42,10.57,377750.00,-4250.00,2850.50
RELIANCE,19-Mar-2024,28-Mar-2024,PE,3000.00,129.00,158.45,126.50,149.35,149.85,149.35,397.00,3123.13,145.63,636250.00,-26250.00,2850.50
RELIANCE,19-Mar-2024,28-Mar-2024,PE,3020.00,147.50,177.55,145.50,167.65,167.65,167.65,36.00,285.94,14.14,117750.00,-3750.00,2850.50
RELIANCE,19-Mar-2024,28-Mar-2024,PE,3040.00,164.00,186.60,164.00,186.50,186.60,186.50,19.00,152.72,8.32,100250.00,750.00,2850.50
RELIANCE,19-Mar-2024,28-Mar-2024,PE,3060.00,182.50,216.00,182.50,195.50,195.50,204.75,11.00,89.39,5.24,37250.00,-750.00,2850.50
RELIANCE,19-Mar-2024,28-Mar-2024,PE,3080.00,235.60,235.60,235.60,235.60,235.60,224.55,2.00,16.58,1.18,59750.00,-500.00,2850.50
RELIANCE,19-Mar-2024,28-Mar-2024,PE,3100.00,245.65,250.00,237.35,247.85,247.85,247.85,14.00,117.04,8.54,205250.00,-2750.00,2850.50
RELIANCE,19-Mar-2024,28-Mar-2024,PE,3120.00,258.60,258.60,258.60,258.60,258.60,264.35,1.00,8.45,0.65,44250.00,-250.00,2850.50
RELIANCE,19-Mar-2024,28-Mar-2024,PE,3140.00,-,-,-,228.65,228.65,284.30,-,-,-,46750.00,-,2850.50
RELIANCE,19-Mar-2024,28-Mar-2024,PE,3160.00,-,-,-,306.00,306.00,304.25,-,-,-,39750.00,-,2850.50
RELIANCE,19-Mar-2024,28-Mar-2024,PE,3180.00,-,-,-,303.00,303.00,324.20,-,-,-,18500.00,-,2850.50
RELIANCE,19-Mar-2024,28-Mar-2024,PE,3200.00,348.00,348.00,345.00,345.00,345.00,345.00,6.00,53.20,5.20,101750.00,-1500.00,2850.50
RELIANCE,19-Mar-2024,28-Mar-2024,PE,3220.00,-,-,-,232.40,232.40,364.15,-,-,-,8500.00,-,2850.50
RELIANCE,19-Mar-2024,28-Mar-2024,PE,3240.00,400.00,400.00,389.65,389.65,389.65,384.10,2.00,18.17,1.97,46500.00,-250.00,2850.50
RELIANCE,19-Mar-2024,28-Mar-2024,PE,3260.00,-,-,-,602.20,-,404.10,-,-,-,-,-,2850.50
RELIANCE,19-Mar-2024,28-Mar-2024,PE,3280.00,-,-,-,245.80,245.80,424.05,-,-,-,250.00,-,2850.50
RELIANCE,19-Mar-2024,28-Mar-2024,PE,3320.00,-,-,-,430.00,430.00,464.00,-,-,-,500.00,-,2850.50
RELIANCE,19-Mar-2024,28-Mar-2024,PE,3360.00,-,-,-,486.80,486.80,503.90,-,-,-,250.00,-,2850.50
RELIANCE,19-Mar-2024,28-Mar-2024,PE,3400.00,546.05,546.05,546.05,546.05,546.05,543.85,1.00,9.87,1.37,3000.00,-,2850.50
RELIANCE,20-Mar-2024,28-Mar-2024,PE,2200.00,0.25,0.75,0.20,0.65,0.65,0.65,23.00,126.54,0.04,22250.00,1750.00,2887.50
RELIANCE,20-Mar-2024,28-Mar-2024,PE,2300.00,0.25,0.25,0.25,0.25,0.25,0.05,1.00,5.75,-,6750.00,-,2887.50
RELIANCE,20-Mar-2024,28-Mar-2024,PE,2320.00,0.85,1.70,0.30,0.30,0.30,0.05,15.00,87.03,0.03,2250.00,-1000.00,2887.50
RELIANCE,20-Mar-2024,28-Mar-2024,PE,2400.00,0.40,0.75,0.30,0.40,0.35,0.40,22.00,132.03,0.03,36500.00,-1000.00,2887.50
RELIANCE,20-Mar-2024,28-Mar-2024,PE,2440.00,0.95,0.95,0.25,0.35,0.25,0.35,17.00,103.73,0.03,6000.00,750.00,2887.50
RELIANCE,20-Mar-2024,28-Mar-2024,PE,2480.00,-,-,-,54.90,-,0.05,-,-,-,-,-,2887.50
RELIANCE,20-Mar-2024,28-Mar-2024,PE,2500.00,0.80,0.80,0.55,0.65,0.65,0.65,237.00,1481.66,0.41,204250.00,1250.00,2887.50
RELIANCE,20-Mar-2024,28-Mar-2024,PE,2520.00,-,-,-,68.00,-,0.05,-,-,-,-,-,2887.50
RELIANCE,20-Mar-2024,28-Mar-2024,PE,2540.00,0.30,0.30,0.30,0.30,0.30,0.05,1.00,6.35,-,6000.00,-,2887.50
RELIANCE,20-Mar-2024,28-Mar-2024,PE,2560.00,-,-,-,83.00,-,0.05,-,-,-,-,-,2887.50
RELIANCE,20-Mar-2024,28-Mar-2024,PE,2580.00,-,-,-,1.00,1.00,0.05,-,-,-,500.00,-,2887.50
RELIANCE,20-Mar-2024,28-Mar-2024,PE,2600.00,0.95,1.00,0.65,0.75,0.75,0.75,485.00,3153.44,0.94,265250.00,-38250.00,2887.50
RELIANCE,20-Mar-2024,28-Mar-2024,PE,2620.00,0.70,0.90,0.60,0.75,0.75,0.75,31.00,203.11,0.06,96750.00,-250.00,2887.50
RELIANCE,20-Mar-2024,28-Mar-2024,PE,2640.00,1.15,1.20,0.75,0.85,0.85,0.85,169.00,1115.79,0.39,48750.00,1500.00,2887.50
RELIANCE,20-Mar-2024,28-Mar-2024,PE,2660.00,1.35,1.35,0.80,0.85,0.95,0.85,187.00,1244.02,0.47,43500.00,-3750.00,2887.50
RELIANCE,20-Mar-2024,28-Mar-2024,PE,2680.00,1.90,1.90,1.05,1.10,1.10,1.10,181.00,1213.30,0.60,32500.00,-6500.00,2887.50
RELIANCE,20-Mar-2024,28-Mar-2024,PE,2700.00,2.00,2.50,1.15,1.25,1.30,1.25,1622.00,10954.91,6.41,564750.00,-34250.00,2887.50
RELIANCE,20-Mar-2024,28-Mar-2024,PE,2720.00,2.95,3.10,1.30,1.40,1.45,1.40,1749.00,11901.15,7.95,98500.00,-107750.00,2887.50
RELIANCE,20-Mar-2024,28-Mar-2024,PE,2740.00,3.65,4.25,1.65,1.75,1.85,1.75,12093.00,82906.62,69.57,234750.00,-62750.00,2887.50
RELIANCE,20-Mar-2024,28-Mar-2024,PE,2760.00,4.65,6.05,2.10,2.25,2.30,2.25,6177.00,42670.91,49.61,248000.00,-95500.00,2887.50
RELIANCE,20-Mar-2024,28-Mar-2024,PE,2780.00,7.05,9.25,2.95,3.15,3.10,3.15,5564.00,38734.85,65.05,251500.00,40000.00,2887.50
RELIANCE,20-Mar-2024,28-Mar-2024,PE,2800.00,11.05,13.75,4.50,4.70,4.80,4.70,19834.00,139191.84,353.84,949250.00,84750.00,2887.50
RELIANCE,20-Mar-2024,28-Mar-2024,PE,2820.00,16.05,20.10,6.75,7.25,7.10,7.25,7792.00,55144.91,211.31,274750.00,44000.00,2887.50
RELIANCE,20-Mar-2024,28-Mar-2024,PE,2840.00,23.25,28.40,10.05,10.80,10.70,10.80,14005.00,100025.85,590.35,603000.00,-17750.00,2887.50
RELIANCE,20-Mar-2024,28-Mar-2024,PE,2860.00,32.35,37.80,15.20,16.40,15.85,16.40,17422.00,125570.10,1002.80,728750.00,55000.00,2887.50
RELIANCE,20-Mar-2024,28-Mar-2024,PE,2880.00,49.00,49.95,22.80,24.40,23.80,24.40,9487.00,69015.99,709.59,555750.00,64500.00,2887.50
RELIANCE,20-Mar-2024,28-Mar-2024,PE,2900.00,59.00,63.30,32.45,34.40,33.10,34.40,7477.00,54976.17,767.92,731250.00,-36250.00,2887.50
RELIANCE,20-Mar-2024,28-Mar-2024,PE,2920.00,74.10,78.05,44.15,45.80,45.45,45.80,1071.00,7965.94,147.64,169750.00,-18500.00,2887.50
RELIANCE,20-Mar-2024,28-Mar-2024,PE,2940.00,91.10,91.10,58.15,59.90,58.70,59.90,676.00,5082.99,114.39,152750.00,-48750.00,2887.50
RELIANCE,20-Mar-2024,28-Mar-2024,PE,2960.00,100.10,103.55,73.55,76.00,75.25,76.00,374.00,2846.02,78.42,313750.00,-9500.00,2887.50
RELIANCE,20-Mar-2024,28-Mar-2024,PE,2980.00,122.80,122.80,92.00,94.10,93.25,94.10,148.00,1141.19,38.59,370000.00,-7750.00,2887.50
RELIANCE,20-Mar-2024,28-Mar-2024,PE,3000.00,148.70,148.70,109.00,113.40,112.45,113.40,444.00,3469.07,139.07,568500.00,-67750.00,2887.50
RELIANCE,20-Mar-2024,28-Mar-2024,PE,3020.00,165.45,165.45,131.55,133.05,131.55,133.05,87.00,687.50,30.65,105500.00,-12250.00,2887.50
RELIANCE,20-Mar-2024,28-Mar-2024,PE,3040.00,180.00,180.00,150.20,150.40,150.20,150.40,23.00,184.20,9.40,97500.00,-2750.00,2887.50
RELIANCE,20-Mar-2024,28-Mar-2024,PE,3060.00,189.25,189.70,167.85,169.70,169.75,169.70,40.00,323.54,17.54,33750.00,-3500.00,2887.50
RELIANCE,20-Mar-2024,28-Mar-2024,PE,3080.00,211.40,211.40,186.85,187.35,189.20,187.35,31.00,253.56,14.86,58250.00,-1500.00,2887.50
RELIANCE,20-Mar-2024,28-Mar-2024,PE,3100.00,228.25,235.40,211.60,211.70,211.80,211.70,15.00,124.73,8.48,203000.00,-2250.00,2887.50
RELIANCE,20-Mar-2024,28-Mar-2024,PE,3120.00,232.10,232.10,228.95,228.95,228.95,228.95,2.00,16.75,1.15,44000.00,-250.00,2887.50
RELIANCE,20-Mar-2024,28-Mar-2024,PE,3140.00,269.05,269.05,248.80,248.80,248.80,248.80,3.00,25.49,1.94,46500.00,-250.00,2887.50
RELIANCE,20-Mar-2024,28-Mar-2024,PE,3160.00,291.75,291.75,291.75,291.75,291.75,267.90,1.00,8.63,0.73,39750.00,-,2887.50
RELIANCE,20-Mar-2024,28-Mar-2024,PE,3180.00,-,-,-,303.00,303.00,287.85,-,-,-,18500.00,-,2887.50
RELIANCE,20-Mar-2024,28-Mar-2024,PE,3200.00,331.70,336.95,307.00,308.35,308.00,308.35,66.00,581.63,53.63,92250.00,-9500.00,2887.50
RELIANCE,20-Mar-2024,28-Mar-2024,PE,3220.00,-,-,-,232.40,232.40,327.80,-,-,-,8500.00,-,2887.50
RELIANCE,20-Mar-2024,28-Mar-2024,PE,3240.00,-,-,-,389.65,389.65,347.75,-,-,-,46500.00,-,2887.50
RELIANCE,20-Mar-2024,28-Mar-2024,PE,3260.00,-,-,-,602.20,-,367.75,-,-,-,-,-,2887.50
RELIANCE,20-Mar-2024,28-Mar-2024,PE,3280.00,-,-,-,245.80,245.80,387.70,-,-,-,250.00,-,2887.50
RELIANCE,20-Mar-2024,28-Mar-2024,PE,3320.00,-,-,-,430.00,430.00,427.65,-,-,-,500.00,-,2887.50
RELIANCE,20-Mar-2024,28-Mar-2024,PE,3360.00,-,-,-,486.80,486.80,467.60,-,-,-,250.00,-,2887.50
RELIANCE,20-Mar-2024,28-Mar-2024,PE,3400.00,-,-,-,546.05,546.05,507.50,-,-,-,3000.00,-,2887.50
RELIANCE,21-Mar-2024,28-Mar-2024,PE,2200.00,0.65,0.65,0.15,0.30,0.20,0.30,152.00,836.18,0.18,37000.00,14750.00,2901.95
RELIANCE,21-Mar-2024,28-Mar-2024,PE,2300.00,0.25,0.25,0.15,0.25,0.25,0.25,10.00,57.51,0.01,6250.00,-500.00,2901.95
RELIANCE,21-Mar-2024,28-Mar-2024,PE,2320.00,-,-,-,0.30,0.30,0.05,-,-,-,2250.00,-,2901.95
RELIANCE,21-Mar-2024,28-Mar-2024,PE,2400.00,0.40,0.55,0.20,0.30,0.25,0.30,24.00,144.02,0.02,36000.00,-500.00,2901.95
RELIANCE,21-Mar-2024,28-Mar-2024,PE,2440.00,0.90,0.90,0.35,0.40,0.40,0.40,27.00,164.73,0.03,10000.00,4000.00,2901.95
RELIANCE,21-Mar-2024,28-Mar-2024,PE,2480.00,0.70,0.70,0.15,0.15,0.15,0.05,6.00,37.21,0.01,1000.00,1000.00,2901.95
RELIANCE,21-Mar-2024,28-Mar-2024,PE,2500.00,0.45,0.60,0.20,0.30,0.20,0.30,197.00,1231.45,0.20,179250.00,-25000.00,2901.95
RELIANCE,21-Mar-2024,28-Mar-2024,PE,2520.00,-,-,-,68.00,-,0.05,-,-,-,-,-,2901.95
RELIANCE,21-Mar-2024,28-Mar-2024,PE,2540.00,0.60,0.60,0.20,0.45,0.45,0.05,8.00,50.81,0.01,5250.00,-750.00,2901.95
RELIANCE,21-Mar-2024,28-Mar-2024,PE,2560.00,-,-,-,83.00,-,0.05,-,-,-,-,-,2901.95
RELIANCE,21-Mar-2024,28-Mar-2024,PE,2580.00,0.50,0.50,0.50,0.50,0.50,0.05,1.00,6.45,-,500.00,-,2901.95
RELIANCE,21-Mar-2024,28-Mar-2024,PE,2600.00,0.70,1.00,0.30,0.35,0.40,0.35,437.00,2841.12,0.62,253000.00,-12250.00,2901.95
RELIANCE,21-Mar-2024,28-Mar-2024,PE,2620.00,0.75,0.75,0.30,0.30,0.30,0.30,44.00,288.25,0.05,96750.00,-,2901.95
RELIANCE,21-Mar-2024,28-Mar-2024,PE,2640.00,0.65,0.70,0.30,0.50,0.55,0.50,186.00,1227.85,0.25,48500.00,-250.00,2901.95
RELIANCE,21-Mar-2024,28-Mar-2024,PE,2660.00,0.55,0.80,0.40,0.45,0.45,0.45,64.00,425.70,0.10,32000.00,-11500.00,2901.95
RELIANCE,21-Mar-2024,28-Mar-2024,PE,2680.00,1.10,1.10,0.60,0.60,0.60,0.60,74.00,495.97,0.17,30250.00,-2250.00,2901.95
RELIANCE,21-Mar-2024,28-Mar-2024,PE,2700.00,1.15,1.25,0.55,0.65,0.70,0.65,1605.00,10837.54,3.79,443500.00,-121250.00,2901.95
RELIANCE,21-Mar-2024,28-Mar-2024,PE,2720.00,1.05,1.50,0.65,0.75,0.70,0.75,537.00,3653.16,1.56,71500.00,-27000.00,2901.95
RELIANCE,21-Mar-2024,28-Mar-2024,PE,2740.00,1.35,1.65,0.75,0.90,0.75,0.90,1408.00,9649.15,4.35,128750.00,-106000.00,2901.95
RELIANCE,21-Mar-2024,28-Mar-2024,PE,2760.00,1.95,2.00,0.90,1.00,0.90,1.00,1824.00,12592.31,6.71,156750.00,-91250.00,2901.95
RELIANCE,21-Mar-2024,28-Mar-2024,PE,2780.00,1.60,2.65,1.15,1.25,1.15,1.25,3675.00,25558.40,17.15,142750.00,-108750.00,2901.95
RELIANCE,21-Mar-2024,28-Mar-2024,PE,2800.00,2.25,4.75,1.55,1.75,1.70,1.75,8195.00,57415.03,50.03,913750.00,-35500.00,2901.95
RELIANCE,21-Mar-2024,28-Mar-2024,PE,2820.00,6.90,6.90,1.95,2.20,2.15,2.20,7733.00,54580.93,63.28,278750.00,4000.00,2901.95
RELIANCE,21-Mar-2024,28-Mar-2024,PE,2840.00,6.60,8.45,3.10,3.55,3.35,3.55,12434.00,88434.14,152.74,679750.00,76750.00,2901.95
RELIANCE,21-Mar-2024,28-Mar-2024,PE,2860.00,11.60,15.85,5.85,6.55,6.10,6.55,19794.00,141908.02,380.92,846250.00,117500.00,2901.95
RELIANCE,21-Mar-2024,28-Mar-2024,PE,2880.00,16.20,19.05,9.90,12.15,11.05,12.15,18279.00,132207.96,599.16,437000.00,-118750.00,2901.95
RELIANCE,21-Mar-2024,28-Mar-2024,PE,2900.00,24.05,28.25,15.70,19.95,18.80,19.95,25112.00,183337.81,1275.81,747250.00,16000.00,2901.95
RELIANCE,21-Mar-2024,28-Mar-2024,PE,2920.00,44.00,44.00,23.70,30.90,29.40,30.90,12876.00,94956.04,961.24,247250.00,77500.00,2901.95
RELIANCE,21-Mar-2024,28-Mar-2024,PE,2940.00,43.90,53.00,34.30,43.80,42.00,43.80,3750.00,27947.26,384.76,155750.00,3000.00,2901.95
RELIANCE,21-Mar-2024,28-Mar-2024,PE,2960.00,59.05,69.15,47.85,58.80,56.75,58.80,3605.00,27182.88,505.88,269250.00,-44500.00,2901.95
RELIANCE,21-Mar-2024,28-Mar-2024,PE,2980.00,77.50,87.00,64.70,75.15,75.25,75.15,364.00,2778.11,66.31,348000.00,-22000.00,2901.95
RELIANCE,21-Mar-2024,28-Mar-2024,PE,3000.00,100.00,105.00,82.10,93.90,93.20,93.90,474.00,3663.82,108.82,544750.00,-23750.00,2901.95
RELIANCE,21-Mar-2024,28-Mar-2024,PE,3020.00,116.80,121.60,101.15,112.30,111.10,112.30,77.00,602.78,21.43,95750.00,-9750.00,2901.95
RELIANCE,21-Mar-2024,28-Mar-2024,PE,3040.00,132.80,137.30,119.30,134.45,134.45,134.45,86.00,681.25,27.65,90750.00,-6750.00,2901.95
RELIANCE,21-Mar-2024,28-Mar-2024,PE,3060.00,153.95,153.95,140.00,150.00,150.00,150.00,11.00,88.20,4.05,32000.00,-1750.00,2901.95
RELIANCE,21-Mar-2024,28-Mar-2024,PE,3080.00,171.70,175.75,158.30,166.65,166.65,174.45,36.00,292.30,15.10,50000.00,-8250.00,2901.95
RELIANCE,21-Mar-2024,28-Mar-2024,PE,3100.00,195.00,196.45,177.00,190.15,190.15,194.25,124.00,1017.78,56.78,193750.00,-9250.00,2901.95
RELIANCE,21-Mar-2024,28-Mar-2024,PE,3120.00,214.25,214.25,200.05,200.05,200.05,214.10,4.00,33.24,2.04,44000.00,-,2901.95
RELIANCE,21-Mar-2024,28-Mar-2024,PE,3140.00,227.80,228.50,219.80,228.50,228.50,234.05,4.00,33.66,2.26,46500.00,-,2901.95
RELIANCE,21-Mar-2024,28-Mar-2024,PE,3160.00,247.80,253.20,239.05,239.30,239.30,254.00,9.00,76.61,5.51,39750.00,-,2901.95
RELIANCE,21-Mar-2024,28-Mar-2024,PE,3180.00,-,-,-,303.00,303.00,273.95,-,-,-,18500.00,-,2901.95
RELIANCE,21-Mar-2024,28-Mar-2024,PE,3200.00,286.80,295.20,278.50,289.70,289.25,289.70,32.00,279.02,23.02,88000.00,-4250.00,2901.95
RELIANCE,21-Mar-2024,28-Mar-2024,PE,3220.00,-,-,-,232.40,232.40,313.90,-,-,-,8500.00,-,2901.95
RELIANCE,21-Mar-2024,28-Mar-2024,PE,3240.00,-,-,-,389.65,389.65,333.85,-,-,-,46500.00,-,2901.95
RELIANCE,21-Mar-2024,28-Mar-2024,PE,3260.00,-,-,-,602.20,-,353.85,-,-,-,-,-,2901.95
RELIANCE,21-Mar-2024,28-Mar-2024,PE,3280.00,-,-,-,245.80,245.80,373.80,-,-,-,250.00,-,2901.95
RELIANCE,21-Mar-2024,28-Mar-2024,PE,3320.00,-,-,-,430.00,430.00,413.75,-,-,-,500.00,-,2901.95
RELIANCE,21-Mar-2024,28-Mar-2024,PE,3360.00,-,-,-,486.80,486.80,453.70,-,-,-,250.00,-,2901.95
RELIANCE,21-Mar-2024,28-Mar-2024,PE,3400.00,-,-,-,546.05,546.05,493.65,-,-,-,3000.00,-,2901.95
RELIANCE,22-Mar-2024,28-Mar-2024,PE,2200.00,0.20,0.30,0.20,0.30,0.30,0.05,7.00,38.50,-,37750.00,750.00,2910.05
RELIANCE,22-Mar-2024,28-Mar-2024,PE,2300.00,0.25,0.25,0.25,0.25,0.25,0.25,1.00,5.75,-,6000.00,-250.00,2910.05
RELIANCE,22-Mar-2024,28-Mar-2024,PE,2320.00,0.25,0.25,0.25,0.25,0.25,0.05,1.00,5.80,-,2250.00,-,2910.05
RELIANCE,22-Mar-2024,28-Mar-2024,PE,2400.00,0.20,0.35,0.15,0.20,0.20,0.05,22.00,132.01,0.01,33000.00,-3000.00,2910.05
RELIANCE,22-Mar-2024,28-Mar-2024,PE,2440.00,0.35,0.90,0.20,0.35,0.35,0.05,25.00,152.52,0.02,11250.00,1250.00,2910.05
RELIANCE,22-Mar-2024,28-Mar-2024,PE,2480.00,-,-,-,0.15,0.15,0.05,-,-,-,1000.00,-,2910.05
RELIANCE,22-Mar-2024,28-Mar-2024,PE,2500.00,0.35,0.45,0.10,0.35,0.20,0.35,388.00,2425.24,0.24,147250.00,-32000.00,2910.05
RELIANCE,22-Mar-2024,28-Mar-2024,PE,2520.00,-,-,-,68.00,-,0.05,-,-,-,-,-,2910.05
RELIANCE,22-Mar-2024,28-Mar-2024,PE,2540.00,0.50,0.50,0.30,0.30,0.30,0.30,8.00,50.81,0.01,6250.00,1000.00,2910.05
RELIANCE,22-Mar-2024,28-Mar-2024,PE,2560.00,-,-,-,83.00,-,0.05,-,-,-,-,-,2910.05
RELIANCE,22-Mar-2024,28-Mar-2024,PE,2580.00,-,-,-,0.50,0.50,0.05,-,-,-,500.00,-,2910.05
RELIANCE,22-Mar-2024,28-Mar-2024,PE,2600.00,0.35,0.45,0.20,0.25,0.30,0.25,404.00,2626.27,0.27,216500.00,-36500.00,2910.05
RELIANCE,22-Mar-2024,28-Mar-2024,PE,2620.00,0.15,0.30,0.10,0.20,0.25,0.20,139.00,910.50,0.05,95750.00,-1000.00,2910.05
RELIANCE,22-Mar-2024,28-Mar-2024,PE,2640.00,0.30,0.50,0.10,0.20,0.20,0.20,208.00,1372.91,0.11,35500.00,-13000.00,2910.05
RELIANCE,22-Mar-2024,28-Mar-2024,PE,2660.00,0.50,0.75,0.25,0.75,0.70,0.75,74.00,492.20,0.10,24250.00,-7750.00,2910.05
RELIANCE,22-Mar-2024,28-Mar-2024,PE,2680.00,0.70,1.00,0.35,0.95,1.00,0.95,55.00,368.57,0.07,28000.00,-2250.00,2910.05
RELIANCE,22-Mar-2024,28-Mar-2024,PE,2700.00,0.55,1.20,0.50,0.80,0.85,0.80,945.00,6380.47,1.72,367500.00,-76000.00,2910.05
RELIANCE,22-Mar-2024,28-Mar-2024,PE,2720.00,1.60,1.60,0.45,0.80,0.70,0.80,140.00,952.23,0.23,68250.00,-3250.00,2910.05
RELIANCE,22-Mar-2024,28-Mar-2024,PE,2740.00,0.65,1.20,0.50,0.90,0.85,0.90,549.00,3761.68,1.03,105500.00,-23250.00,2910.05
RELIANCE,22-Mar-2024,28-Mar-2024,PE,2760.00,1.00,1.10,0.55,0.90,1.00,0.90,739.00,5100.64,1.54,108000.00,-48750.00,2910.05
RELIANCE,22-Mar-2024,28-Mar-2024,PE,2780.00,2.90,2.95,0.70,1.00,1.15,1.00,820.00,5701.37,2.37,103250.00,-39500.00,2910.05
RELIANCE,22-Mar-2024,28-Mar-2024,PE,2800.00,1.75,2.05,0.90,1.25,1.25,1.25,4500.00,31516.34,16.34,855500.00,-58250.00,2910.05
RELIANCE,22-Mar-2024,28-Mar-2024,PE,2820.00,2.50,2.75,1.15,1.40,1.50,1.40,7028.00,49578.69,31.29,197500.00,-81250.00,2910.05
RELIANCE,22-Mar-2024,28-Mar-2024,PE,2840.00,3.60,4.20,1.55,1.90,1.95,1.90,10674.00,75855.59,70.19,569000.00,-110750.00,2910.05
RELIANCE,22-Mar-2024,28-Mar-2024,PE,2860.00,6.90,7.50,2.70,3.35,3.55,3.35,17681.00,126623.68,204.53,951500.00,105250.00,2910.05
RELIANCE,22-Mar-2024,28-Mar-2024,PE,2880.00,11.85,13.70,5.40,7.05,7.65,7.05,17784.00,128438.96,394.16,376750.00,-60250.00,2910.05
RELIANCE,22-Mar-2024,28-Mar-2024,PE,2900.00,24.55,24.55,9.85,12.80,14.50,12.80,26944.00,196358.28,1014.28,731500.00,-15750.00,2910.05
RELIANCE,22-Mar-2024,28-Mar-2024,PE,2920.00,30.60,33.75,16.85,21.45,24.65,21.45,13239.00,97418.92,774.22,331500.00,84250.00,2910.05
RELIANCE,22-Mar-2024,28-Mar-2024,PE,2940.00,45.40,47.35,26.45,31.40,35.80,31.40,5550.00,41266.78,474.28,169500.00,13750.00,2910.05
RELIANCE,22-Mar-2024,28-Mar-2024,PE,2960.00,60.95,62.70,39.85,46.65,49.75,46.65,3064.00,23056.92,383.32,239500.00,-29750.00,2910.05
RELIANCE,22-Mar-2024,28-Mar-2024,PE,2980.00,74.95,79.85,56.30,64.55,67.70,64.55,684.00,5208.32,112.52,322500.00,-25500.00,2910.05
RELIANCE,22-Mar-2024,28-Mar-2024,PE,3000.00,93.90,99.20,74.50,84.00,87.95,84.00,2566.00,19803.15,558.15,527000.00,-17750.00,2910.05
RELIANCE,22-Mar-2024,28-Mar-2024,PE,3020.00,112.15,112.90,93.95,102.20,106.05,102.20,129.00,1008.17,34.22,91500.00,-4250.00,2910.05
RELIANCE,22-Mar-2024,28-Mar-2024,PE,3040.00,129.45,137.45,111.65,119.95,126.65,119.95,88.00,695.37,26.57,76750.00,-14000.00,2910.05
RELIANCE,22-Mar-2024,28-Mar-2024,PE,3060.00,149.40,153.05,136.70,136.80,136.80,147.20,34.00,272.52,12.42,30500.00,-1500.00,2910.05
RELIANCE,22-Mar-2024,28-Mar-2024,PE,3080.00,164.95,170.05,158.40,170.05,170.05,166.85,3.00,24.33,1.23,49500.00,-500.00,2910.05
RELIANCE,22-Mar-2024,28-Mar-2024,PE,3100.00,188.35,193.00,171.00,177.65,183.45,177.65,46.00,377.36,20.86,188500.00,-5250.00,2910.05
RELIANCE,22-Mar-2024,28-Mar-2024,PE,3120.00,198.50,204.50,194.20,199.00,204.50,199.00,21.00,174.25,10.45,42250.00,-1750.00,2910.05
RELIANCE,22-Mar-2024,28-Mar-2024,PE,3140.00,-,-,-,228.50,228.50,226.50,-,-,-,46500.00,-,2910.05
RELIANCE,22-Mar-2024,28-Mar-2024,PE,3160.00,-,-,-,239.30,239.30,246.45,-,-,-,39750.00,-,2910.05
RELIANCE,22-Mar-2024,28-Mar-2024,PE,3180.00,-,-,-,303.00,303.00,266.45,-,-,-,18500.00,-,2910.05
RELIANCE,22-Mar-2024,28-Mar-2024,PE,3200.00,292.00,292.00,274.00,274.00,274.00,274.00,50.00,434.93,34.93,84000.00,-4000.00,2910.05
RELIANCE,22-Mar-2024,28-Mar-2024,PE,3220.00,-,-,-,232.40,232.40,306.40,-,-,-,8500.00,-,2910.05
RELIANCE,22-Mar-2024,28-Mar-2024,PE,3240.00,-,-,-,389.65,389.65,326.35,-,-,-,46500.00,-,2910.05
RELIANCE,22-Mar-2024,28-Mar-2024,PE,3260.00,-,-,-,602.20,-,346.35,-,-,-,-,-,2910.05
RELIANCE,22-Mar-2024,28-Mar-2024,PE,3280.00,-,-,-,245.80,245.80,366.30,-,-,-,250.00,-,2910.05
RELIANCE,22-Mar-2024,28-Mar-2024,PE,3320.00,-,-,-,430.00,430.00,406.25,-,-,-,500.00,-,2910.05
RELIANCE,22-Mar-2024,28-Mar-2024,PE,3360.00,-,-,-,486.80,486.80,446.20,-,-,-,250.00,-,2910.05
RELIANCE,22-Mar-2024,28-Mar-2024,PE,3400.00,-,-,-,546.05,546.05,486.20,-,-,-,3000.00,-,2910.05
RELIANCE,26-Mar-2024,28-Mar-2024,PE,2200.00,0.15,0.25,0.15,0.25,0.25,0.05,6.00,33.00,-,38750.00,1000.00,2928.65
RELIANCE,26-Mar-2024,28-Mar-2024,PE,2300.00,-,-,-,0.25,0.25,0.05,-,-,-,6000.00,-,2928.65
RELIANCE,26-Mar-2024,28-Mar-2024,PE,2320.00,-,-,-,0.25,0.25,0.05,-,-,-,2250.00,-,2928.65
RELIANCE,26-Mar-2024,28-Mar-2024,PE,2400.00,0.20,0.50,0.20,0.20,0.20,0.05,71.00,426.05,0.05,39750.00,6750.00,2928.65
RELIANCE,26-Mar-2024,28-Mar-2024,PE,2440.00,0.35,0.35,0.25,0.25,0.25,0.05,15.00,91.51,0.01,11500.00,250.00,2928.65
RELIANCE,26-Mar-2024,28-Mar-2024,PE,2480.00,0.40,0.40,0.10,0.10,0.10,0.05,2.00,12.40,-,1000.00,-,2928.65
RELIANCE,26-Mar-2024,28-Mar-2024,PE,2500.00,0.20,0.40,0.10,0.25,0.15,0.25,241.00,1506.41,0.16,138250.00,-9000.00,2928.65
RELIANCE,26-Mar-2024,28-Mar-2024,PE,2520.00,-,-,-,68.00,-,0.05,-,-,-,-,-,2928.65
RELIANCE,26-Mar-2024,28-Mar-2024,PE,2540.00,0.30,0.30,0.10,0.10,0.10,0.10,2.00,12.70,-,6000.00,-250.00,2928.65
RELIANCE,26-Mar-2024,28-Mar-2024,PE,2560.00,-,-,-,83.00,-,0.05,-,-,-,-,-,2928.65
RELIANCE,26-Mar-2024,28-Mar-2024,PE,2580.00,0.50,0.50,0.05,0.10,0.10,0.10,3.00,19.35,-,250.00,-250.00,2928.65
RELIANCE,26-Mar-2024,28-Mar-2024,PE,2600.00,0.15,0.25,0.10,0.15,0.15,0.15,441.00,2866.68,0.18,178750.00,-37750.00,2928.65
RELIANCE,26-Mar-2024,28-Mar-2024,PE,2620.00,0.20,3.00,0.05,0.20,0.20,0.05,96.00,628.88,0.08,94500.00,-1250.00,2928.65
RELIANCE,26-Mar-2024,28-Mar-2024,PE,2640.00,0.20,1.45,0.05,0.10,0.10,0.10,101.00,666.65,0.05,29750.00,-5750.00,2928.65
RELIANCE,26-Mar-2024,28-Mar-2024,PE,2660.00,0.75,0.75,0.20,0.30,0.30,0.05,30.00,199.52,0.02,21500.00,-2750.00,2928.65
RELIANCE,26-Mar-2024,28-Mar-2024,PE,2680.00,1.00,1.00,0.20,0.20,0.20,0.05,31.00,207.74,0.04,27000.00,-1000.00,2928.65
RELIANCE,26-Mar-2024,28-Mar-2024,PE,2700.00,0.80,0.80,0.30,0.45,0.55,0.45,1331.00,8985.84,1.59,309000.00,-58500.00,2928.65
RELIANCE,26-Mar-2024,28-Mar-2024,PE,2720.00,0.80,0.80,0.40,0.50,0.50,0.50,175.00,1190.24,0.24,55000.00,-13250.00,2928.65
RELIANCE,26-Mar-2024,28-Mar-2024,PE,2740.00,0.85,0.85,0.50,0.60,0.80,0.60,318.00,2178.80,0.50,103250.00,-2250.00,2928.65
RELIANCE,26-Mar-2024,28-Mar-2024,PE,2760.00,0.90,1.05,0.55,0.60,0.55,0.60,327.00,2256.88,0.58,104000.00,-4000.00,2928.65
RELIANCE,26-Mar-2024,28-Mar-2024,PE,2780.00,1.30,1.30,0.60,0.75,0.70,0.75,563.00,3914.06,1.21,86500.00,-16750.00,2928.65
RELIANCE,26-Mar-2024,28-Mar-2024,PE,2800.00,1.30,1.50,0.70,0.95,0.90,0.95,4559.00,31925.85,12.85,653250.00,-202250.00,2928.65
RELIANCE,26-Mar-2024,28-Mar-2024,PE,2820.00,1.45,2.15,1.10,1.55,1.15,1.55,4966.00,35030.58,20.28,166500.00,-31000.00,2928.65
RELIANCE,26-Mar-2024,28-Mar-2024,PE,2840.00,1.90,3.85,1.60,2.30,1.95,2.30,8333.00,59218.95,54.65,495000.00,-74000.00,2928.65
RELIANCE,26-Mar-2024,28-Mar-2024,PE,2860.00,4.45,8.00,3.00,4.20,3.40,4.20,9940.00,71204.26,133.26,894250.00,-57250.00,2928.65
RELIANCE,26-Mar-2024,28-Mar-2024,PE,2880.00,8.75,17.00,7.10,10.65,9.45,10.65,17052.00,123279.29,504.89,305750.00,-71000.00,2928.65
RELIANCE,26-Mar-2024,28-Mar-2024,PE,2900.00,19.15,28.65,14.15,21.00,19.75,21.00,11425.00,83440.42,609.17,584750.00,-146750.00,2928.65
RELIANCE,26-Mar-2024,28-Mar-2024,PE,2920.00,27.00,42.30,24.85,34.95,31.80,34.95,5063.00,37379.07,419.17,208750.00,-122750.00,2928.65
RELIANCE,26-Mar-2024,28-Mar-2024,PE,2940.00,38.90,59.25,37.85,49.90,47.30,49.90,1342.00,10027.45,163.75,107000.00,-62500.00,2928.65
RELIANCE,26-Mar-2024,28-Mar-2024,PE,2960.00,55.30,75.00,54.20,68.75,64.75,68.75,533.00,4033.40,89.20,210000.00,-29500.00,2928.65
RELIANCE,26-Mar-2024,28-Mar-2024,PE,2980.00,73.60,93.90,73.60,86.65,83.40,86.65,154.00,1180.41,33.11,312500.00,-10000.00,2928.65
RELIANCE,26-Mar-2024,28-Mar-2024,PE,3000.00,92.30,113.30,92.25,106.60,105.15,106.60,822.00,6384.76,219.76,373250.00,-153750.00,2928.65
RELIANCE,26-Mar-2024,28-Mar-2024,PE,3020.00,111.65,132.00,111.65,124.00,124.80,124.00,60.00,471.59,18.59,85000.00,-6500.00,2928.65
RELIANCE,26-Mar-2024,28-Mar-2024,PE,3040.00,142.25,151.20,138.55,148.45,148.45,148.45,35.00,278.86,12.86,71750.00,-5000.00,2928.65
RELIANCE,26-Mar-2024,28-Mar-2024,PE,3060.00,157.75,171.00,156.85,167.30,167.30,175.70,28.00,225.83,11.63,28250.00,-2250.00,2928.65
RELIANCE,26-Mar-2024,28-Mar-2024,PE,3080.00,180.90,180.90,180.90,180.90,180.90,195.70,1.00,8.15,0.45,49250.00,-250.00,2928.65
RELIANCE,26-Mar-2024,28-Mar-2024,PE,3100.00,197.60,207.75,193.00,202.00,202.00,215.70,30.00,247.63,15.13,182750.00,-5750.00,2928.65
RELIANCE,26-Mar-2024,28-Mar-2024,PE,3120.00,-,-,-,199.00,204.50,235.70,-,-,-,42250.00,-,2928.65
RELIANCE,26-Mar-2024,28-Mar-2024,PE,3140.00,245.30,245.30,245.30,245.30,245.30,255.70,1.00,8.46,0.61,46250.00,-250.00,2928.65
RELIANCE,26-Mar-2024,28-Mar-2024,PE,3160.00,-,-,-,239.30,239.30,275.70,-,-,-,39750.00,-,2928.65
RELIANCE,26-Mar-2024,28-Mar-2024,PE,3180.00,-,-,-,303.00,303.00,295.65,-,-,-,18500.00,-,2928.65
RELIANCE,26-Mar-2024,28-Mar-2024,PE,3200.00,313.00,313.00,305.00,305.50,305.50,315.65,18.00,157.87,13.87,85750.00,1750.00,2928.65
RELIANCE,26-Mar-2024,28-Mar-2024,PE,3220.00,-,-,-,232.40,232.40,335.65,-,-,-,8500.00,-,2928.65
RELIANCE,26-Mar-2024,28-Mar-2024,PE,3240.00,-,-,-,389.65,389.65,355.65,-,-,-,46500.00,-,2928.65
RELIANCE,26-Mar-2024,28-Mar-2024,PE,3260.00,-,-,-,602.20,-,375.65,-,-,-,-,-,2928.65
RELIANCE,26-Mar-2024,28-Mar-2024,PE,3280.00,-,-,-,245.80,245.80,395.65,-,-,-,250.00,-,2928.65
RELIANCE,26-Mar-2024,28-Mar-2024,PE,3320.00,-,-,-,430.00,430.00,435.60,-,-,-,500.00,-,2928.65
RELIANCE,26-Mar-2024,28-Mar-2024,PE,3360.00,-,-,-,486.80,486.80,475.60,-,-,-,250.00,-,2928.65
RELIANCE,26-Mar-2024,28-Mar-2024,PE,3400.00,509.50,510.00,507.25,508.80,507.90,508.80,5.00,48.86,6.36,4000.00,1000.00,2928.65
RELIANCE,27-Mar-2024,28-Mar-2024,PE,2200.00,0.10,0.45,0.10,0.20,0.20,0.05,55.00,302.53,0.03,45000.00,6250.00,2985.70
RELIANCE,27-Mar-2024,28-Mar-2024,PE,2300.00,0.20,0.20,0.20,0.20,0.20,0.05,4.00,23.00,-,5250.00,-750.00,2985.70
RELIANCE,27-Mar-2024,28-Mar-2024,PE,2320.00,-,-,-,0.25,0.25,0.05,-,-,-,2250.00,-,2985.70
RELIANCE,27-Mar-2024,28-Mar-2024,PE,2400.00,0.10,0.25,0.10,0.15,0.10,0.15,15.00,90.01,0.01,38250.00,-1500.00,2985.70
RELIANCE,27-Mar-2024,28-Mar-2024,PE,2440.00,0.25,0.35,0.05,0.10,0.05,0.10,41.00,250.11,0.01,7000.00,-4500.00,2985.70
RELIANCE,27-Mar-2024,28-Mar-2024,PE,2480.00,0.10,0.10,0.10,0.10,0.10,0.05,1.00,6.20,-,750.00,-250.00,2985.70
RELIANCE,27-Mar-2024,28-Mar-2024,PE,2500.00,0.10,0.25,0.10,0.20,0.15,0.20,93.00,581.29,0.04,124750.00,-13500.00,2985.70
RELIANCE,27-Mar-2024,28-Mar-2024,PE,2520.00,-,-,-,68.00,-,0.05,-,-,-,-,-,2985.70
RELIANCE,27-Mar-2024,28-Mar-2024,PE,2540.00,0.05,0.10,0.05,0.10,0.10,0.05,4.00,25.40,-,5250.00,-750.00,2985.70
RELIANCE,27-Mar-2024,28-Mar-2024,PE,2560.00,-,-,-,83.00,-,0.05,-,-,-,-,-,2985.70
RELIANCE,27-Mar-2024,28-Mar-2024,PE,2580.00,-,-,-,0.10,0.10,0.05,-,-,-,250.00,-,2985.70
RELIANCE,27-Mar-2024,28-Mar-2024,PE,2600.00,0.10,0.40,0.05,0.25,0.40,0.25,290.00,1885.11,0.11,163250.00,-15500.00,2985.70
RELIANCE,27-Mar-2024,28-Mar-2024,PE,2620.00,0.05,0.40,0.05,0.15,0.15,0.15,90.00,589.54,0.04,91250.00,-3250.00,2985.70
RELIANCE,27-Mar-2024,28-Mar-2024,PE,2640.00,0.05,0.15,0.05,0.10,0.15,0.10,46.00,303.61,0.01,27000.00,-2750.00,2985.70
RELIANCE,27-Mar-2024,28-Mar-2024,PE,2660.00,0.15,0.15,0.05,0.15,0.15,0.15,57.00,379.07,0.02,15000.00,-6500.00,2985.70
RELIANCE,27-Mar-2024,28-Mar-2024,PE,2680.00,0.20,0.35,0.10,0.25,0.15,0.25,81.00,542.74,0.04,21250.00,-5750.00,2985.70
RELIANCE,27-Mar-2024,28-Mar-2024,PE,2700.00,0.40,0.40,0.10,0.30,0.40,0.30,790.00,5332.95,0.45,276250.00,-32750.00,2985.70
RELIANCE,27-Mar-2024,28-Mar-2024,PE,2720.00,0.50,0.50,0.10,0.30,0.35,0.30,199.00,1353.33,0.13,41250.00,-13750.00,2985.70
RELIANCE,27-Mar-2024,28-Mar-2024,PE,2740.00,0.50,0.50,0.10,0.25,0.35,0.25,281.00,1924.99,0.14,67250.00,-36000.00,2985.70
RELIANCE,27-Mar-2024,28-Mar-2024,PE,2760.00,0.80,0.80,0.10,0.25,0.25,0.25,345.00,2380.71,0.21,82500.00,-21500.00,2985.70
RELIANCE,27-Mar-2024,28-Mar-2024,PE,2780.00,0.55,0.65,0.15,0.35,0.65,0.35,434.00,3016.61,0.31,60750.00,-25750.00,2985.70
RELIANCE,27-Mar-2024,28-Mar-2024,PE,2800.00,0.60,0.65,0.15,0.45,0.40,0.45,2697.00,18881.27,2.27,428250.00,-225000.00,2985.70
RELIANCE,27-Mar-2024,28-Mar-2024,PE,2820.00,1.15,1.15,0.20,0.60,0.50,0.60,1364.00,9617.78,1.58,134250.00,-32250.00,2985.70
RELIANCE,27-Mar-2024,28-Mar-2024,PE,2840.00,2.35,2.35,0.20,0.80,0.80,0.80,4534.00,32198.04,6.64,267750.00,-227250.00,2985.70
RELIANCE,27-Mar-2024,28-Mar-2024,PE,2860.00,1.10,3.15,0.30,0.90,0.90,0.90,7833.00,56020.96,15.01,534500.00,-359750.00,2985.70
RELIANCE,27-Mar-2024,28-Mar-2024,PE,2880.00,6.90,7.00,0.40,0.90,1.05,0.90,9758.00,70287.45,29.85,240250.00,-65500.00,2985.70
RELIANCE,27-Mar-2024,28-Mar-2024,PE,2900.00,14.50,14.50,0.60,1.05,1.20,1.05,20965.00,152111.58,115.33,619500.00,34750.00,2985.70
RELIANCE,27-Mar-2024,28-Mar-2024,PE,2920.00,16.75,20.20,1.10,1.55,1.60,1.55,21866.00,159842.37,220.57,374250.00,165500.00,2985.70
RELIANCE,27-Mar-2024,28-Mar-2024,PE,2940.00,38.45,38.45,1.50,2.60,2.90,2.60,31793.00,234114.88,436.33,615500.00,508500.00,2985.70
RELIANCE,27-Mar-2024,28-Mar-2024,PE,2960.00,54.60,54.60,3.10,4.15,4.50,4.15,32201.00,238904.19,616.79,692750.00,482750.00,2985.70
RELIANCE,27-Mar-2024,28-Mar-2024,PE,2980.00,67.75,70.10,8.35,10.65,10.70,10.65,20708.00,154976.27,701.67,449000.00,136500.00,2985.70
RELIANCE,27-Mar-2024,28-Mar-2024,PE,3000.00,87.30,90.60,18.50,23.45,23.55,23.45,8141.00,61648.88,591.38,383500.00,10250.00,2985.70
RELIANCE,27-Mar-2024,28-Mar-2024,PE,3020.00,107.50,107.50,31.55,39.25,37.45,39.25,948.00,7255.49,98.09,65250.00,-19750.00,2985.70
RELIANCE,27-Mar-2024,28-Mar-2024,PE,3040.00,123.55,123.55,47.20,57.15,55.50,57.15,637.00,4936.46,95.26,38500.00,-33250.00,2985.70
RELIANCE,27-Mar-2024,28-Mar-2024,PE,3060.00,113.90,117.60,65.00,72.65,74.30,72.65,185.00,1452.19,36.94,29750.00,1500.00,2985.70
RELIANCE,27-Mar-2024,28-Mar-2024,PE,3080.00,144.00,145.05,84.20,92.30,99.00,92.30,158.00,1257.75,41.15,35500.00,-13750.00,2985.70
RELIANCE,27-Mar-2024,28-Mar-2024,PE,3100.00,183.00,187.00,103.80,112.55,112.75,112.55,228.00,1843.75,76.75,167500.00,-15250.00,2985.70
RELIANCE,27-Mar-2024,28-Mar-2024,PE,3120.00,171.50,173.45,123.80,123.80,123.80,133.60,112.00,916.61,43.01,28750.00,-13500.00,2985.70
RELIANCE,27-Mar-2024,28-Mar-2024,PE,3140.00,193.00,193.00,146.80,146.80,146.80,153.60,86.00,712.89,37.79,30500.00,-15750.00,2985.70
RELIANCE,27-Mar-2024,28-Mar-2024,PE,3160.00,175.45,180.60,163.15,169.10,169.10,169.10,24.00,199.97,10.37,36250.00,-3500.00,2985.70
RELIANCE,27-Mar-2024,28-Mar-2024,PE,3180.00,195.60,200.85,191.75,191.75,191.75,193.60,9.00,75.95,4.40,16750.00,-1750.00,2985.70
RELIANCE,27-Mar-2024,28-Mar-2024,PE,3200.00,270.00,270.00,204.00,208.80,207.90,208.80,163.00,1402.67,98.67,86000.00,250.00,2985.70
RELIANCE,27-Mar-2024,28-Mar-2024,PE,3220.00,-,-,-,232.40,232.40,233.60,-,-,-,8500.00,-,2985.70
RELIANCE,27-Mar-2024,28-Mar-2024,PE,3240.00,252.00,252.00,252.00,252.00,252.00,253.60,9.00,78.57,5.67,44750.00,-1750.00,2985.70
RELIANCE,27-Mar-2024,28-Mar-2024,PE,3260.00,-,-,-,602.20,-,273.60,-,-,-,-,-,2985.70
RELIANCE,27-Mar-2024,28-Mar-2024,PE,3280.00,-,-,-,245.80,245.80,293.60,-,-,-,250.00,-,2985.70
RELIANCE,27-Mar-2024,28-Mar-2024,PE,3320.00,-,-,-,430.00,430.00,333.60,-,-,-,500.00,-,2985.70
RELIANCE,27-Mar-2024,28-Mar-2024,PE,3360.00,416.30,416.30,416.30,416.30,416.30,373.60,1.00,9.44,1.04,250.00,-,2985.70
RELIANCE,27-Mar-2024,28-Mar-2024,PE,3400.00,-,-,-,508.80,507.90,413.55,-,-,-,4000.00,-,2985.70
RELIANCE,28-Mar-2024,28-Mar-2024,PE,2200.00,0.10,0.20,0.05,0.05,0.05,2971.85,82.00,451.03,0.03,38250.00,-6750.00,2971.70
RELIANCE,28-Mar-2024,28-Mar-2024,PE,2300.00,0.15,0.20,0.05,0.20,0.20,2971.85,9.00,51.75,-,4250.00,-1000.00,2971.70
RELIANCE,28-Mar-2024,28-Mar-2024,PE,2320.00,0.05,0.05,0.05,0.05,0.05,2971.85,1.00,5.80,-,2000.00,-250.00,2971.70
RELIANCE,28-Mar-2024,28-Mar-2024,PE,2400.00,0.15,0.20,0.05,0.05,0.05,2971.85,60.00,360.01,0.01,24750.00,-13500.00,2971.70
RELIANCE,28-Mar-2024,28-Mar-2024,PE,2440.00,0.05,0.05,0.05,0.05,0.05,2971.85,7.00,42.70,-,5250.00,-1750.00,2971.70
RELIANCE,28-Mar-2024,28-Mar-2024,PE,2480.00,-,-,-,0.10,0.10,2971.85,-,-,-,750.00,-,2971.70
RELIANCE,28-Mar-2024,28-Mar-2024,PE,2500.00,0.05,2.15,0.05,0.15,0.10,2971.85,260.00,1625.14,0.14,101500.00,-23250.00,2971.70
RELIANCE,28-Mar-2024,28-Mar-2024,PE,2520.00,-,-,-,68.00,-,2971.85,-,-,-,-,-,2971.70
RELIANCE,28-Mar-2024,28-Mar-2024,PE,2540.00,0.05,0.05,0.05,0.05,0.05,2971.85,10.00,63.50,-,2750.00,-2500.00,2971.70
RELIANCE,28-Mar-2024,28-Mar-2024,PE,2560.00,-,-,-,83.00,-,2971.85,-,-,-,-,-,2971.70
RELIANCE,28-Mar-2024,28-Mar-2024,PE,2580.00,-,-,-,0.10,0.10,2971.85,-,-,-,250.00,-,2971.70
RELIANCE,28-Mar-2024,28-Mar-2024,PE,2600.00,0.10,0.15,0.05,0.05,0.05,2971.85,172.00,1118.03,0.03,128750.00,-34500.00,2971.70
RELIANCE,28-Mar-2024,28-Mar-2024,PE,2620.00,0.05,0.10,0.05,0.05,0.05,2971.85,9.00,58.95,-,89750.00,-1500.00,2971.70
RELIANCE,28-Mar-2024,28-Mar-2024,PE,2640.00,-,-,-,0.10,0.15,2971.85,-,-,-,27000.00,-,2971.70
RELIANCE,28-Mar-2024,28-Mar-2024,PE,2660.00,0.05,0.05,0.05,0.05,0.05,2971.85,37.00,246.05,-,10000.00,-5000.00,2971.70
RELIANCE,28-Mar-2024,28-Mar-2024,PE,2680.00,0.05,0.05,0.05,0.05,0.05,2971.85,32.00,214.40,-,15750.00,-5500.00,2971.70
RELIANCE,28-Mar-2024,28-Mar-2024,PE,2700.00,0.40,0.40,0.05,0.05,0.05,2971.85,421.00,2841.81,0.06,190750.00,-85500.00,2971.70
RELIANCE,28-Mar-2024,28-Mar-2024,PE,2720.00,0.10,0.15,0.05,0.05,0.05,2971.85,77.00,523.61,0.01,27250.00,-14000.00,2971.70
RELIANCE,28-Mar-2024,28-Mar-2024,PE,2740.00,0.05,0.10,0.05,0.05,0.05,2971.85,51.00,349.36,0.01,61000.00,-6250.00,2971.70
RELIANCE,28-Mar-2024,28-Mar-2024,PE,2760.00,0.10,0.10,0.05,0.10,0.10,2971.85,131.00,903.92,0.02,67250.00,-15250.00,2971.70
RELIANCE,28-Mar-2024,28-Mar-2024,PE,2780.00,0.20,0.20,0.05,0.05,0.05,2971.85,120.00,834.02,0.02,44750.00,-16000.00,2971.70
RELIANCE,28-Mar-2024,28-Mar-2024,PE,2800.00,0.25,0.25,0.05,0.05,0.05,2971.85,810.00,5670.15,0.15,297500.00,-130750.00,2971.70
RELIANCE,28-Mar-2024,28-Mar-2024,PE,2820.00,0.25,0.40,0.05,0.05,0.05,2971.85,544.00,3835.31,0.11,93000.00,-41250.00,2971.70
RELIANCE,28-Mar-2024,28-Mar-2024,PE,2840.00,0.40,0.45,0.05,0.20,0.05,2971.85,1748.00,12411.55,0.75,210750.00,-57000.00,2971.70
RELIANCE,28-Mar-2024,28-Mar-2024,PE,2860.00,0.45,0.50,0.05,0.20,0.10,2971.85,3103.00,22188.02,1.57,346000.00,-188500.00,2971.70
RELIANCE,28-Mar-2024,28-Mar-2024,PE,2880.00,0.40,0.50,0.05,0.15,0.10,2971.85,890.00,6408.39,0.39,159250.00,-81000.00,2971.70
RELIANCE,28-Mar-2024,28-Mar-2024,PE,2900.00,0.60,0.60,0.05,0.15,0.05,2971.85,4106.00,29770.34,1.84,268000.00,-351500.00,2971.70
RELIANCE,28-Mar-2024,28-Mar-2024,PE,2920.00,1.00,1.10,0.05,0.30,0.05,2971.85,3016.00,22018.82,2.02,107000.00,-267250.00,2971.70
RELIANCE,28-Mar-2024,28-Mar-2024,PE,2940.00,1.70,3.00,0.05,1.10,0.05,2971.85,5361.00,39410.30,6.95,153000.00,-462500.00,2971.70
RELIANCE,28-Mar-2024,28-Mar-2024,PE,2960.00,2.75,14.65,0.05,3.85,0.10,2971.85,12963.00,95979.98,53.78,424250.00,-268500.00,2971.70
RELIANCE,28-Mar-2024,28-Mar-2024,PE,2980.00,10.60,23.00,1.35,11.00,8.80,2971.85,8689.00,64856.27,123.22,379250.00,-69750.00,2971.70
RELIANCE,28-Mar-2024,28-Mar-2024,PE,3000.00,19.10,42.00,6.50,25.40,25.95,2971.85,6699.00,50482.49,239.99,202000.00,-181500.00,2971.70
RELIANCE,28-Mar-2024,28-Mar-2024,PE,3020.00,31.35,54.95,18.30,50.90,52.65,2971.85,1581.00,12043.36,106.81,28000.00,-37250.00,2971.70
RELIANCE,28-Mar-2024,28-Mar-2024,PE,3040.00,47.95,58.55,34.75,57.15,57.15,2971.85,451.00,3475.81,48.21,13750.00,-24750.00,2971.70
RELIANCE,28-Mar-2024,28-Mar-2024,PE,3060.00,70.10,75.30,54.00,72.25,72.25,2971.85,105.00,820.32,17.07,26500.00,-3250.00,2971.70
RELIANCE,28-Mar-2024,28-Mar-2024,PE,3080.00,87.00,99.15,74.05,84.75,84.75,2971.85,73.00,577.52,15.42,27250.00,-8250.00,2971.70
RELIANCE,28-Mar-2024,28-Mar-2024,PE,3100.00,119.00,133.40,93.30,123.50,133.40,2971.85,698.00,5602.96,193.46,60500.00,-107000.00,2971.70
RELIANCE,28-Mar-2024,28-Mar-2024,PE,3120.00,132.00,158.00,114.70,152.00,152.20,2971.85,40.00,324.80,12.80,22750.00,-6000.00,2971.70
RELIANCE,28-Mar-2024,28-Mar-2024,PE,3140.00,153.00,176.00,134.80,170.55,171.55,2971.85,52.00,427.66,19.46,28500.00,-2000.00,2971.70
RELIANCE,28-Mar-2024,28-Mar-2024,PE,3160.00,159.00,170.05,155.20,165.30,165.30,2971.85,25.00,207.78,10.28,32000.00,-4250.00,2971.70
RELIANCE,28-Mar-2024,28-Mar-2024,PE,3180.00,175.50,176.00,175.50,176.00,176.00,2971.85,14.00,117.45,6.15,20250.00,3500.00,2971.70
RELIANCE,28-Mar-2024,28-Mar-2024,PE,3200.00,212.00,215.30,197.90,211.75,211.75,2971.85,90.00,766.22,46.22,85750.00,-250.00,2971.70
RELIANCE,28-Mar-2024,28-Mar-2024,PE,3220.00,231.25,231.25,231.25,231.25,231.25,2971.85,1.00,8.63,0.58,8500.00,-,2971.70
RELIANCE,28-Mar-2024,28-Mar-2024,PE,3240.00,-,-,-,252.00,252.00,2971.85,-,-,-,44750.00,-,2971.70
RELIANCE,28-Mar-2024,28-Mar-2024,PE,3260.00,-,-,-,602.20,-,2971.85,-,-,-,-,-,2971.70
RELIANCE,28-Mar-2024,28-Mar-2024,PE,3280.00,294.65,295.00,289.50,289.50,289.50,2971.85,3.00,26.80,2.20,250.00,-,2971.70
RELIANCE,28-Mar-2024,28-Mar-2024,PE,3320.00,320.00,320.00,320.00,320.00,320.00,2971.85,2.00,18.20,1.60,500.00,-,2971.70
RELIANCE,28-Mar-2024,28-Mar-2024,PE,3360.00,-,-,-,416.30,416.30,2971.85,-,-,-,250.00,-,2971.70
RELIANCE,28-Mar-2024,28-Mar-2024,PE,3400.00,411.15,433.00,395.50,423.50,425.75,2971.85,84.00,801.59,87.59,20500.00,16500.00,2971.70